(0, 0) (5.0, 0.0)
(5.0, 0.0) (5.0, 5.0)
(5.0, 5.0) (10.0, 5.0)
(10.0, 5.0) (10.0, 0.0)
(10.0, 0.0) (15.0, 0.0)
(15.0, 0.0) (15.0, 5.0)
(15.0, 5.0) (10.0, 5.0)
(10.0, 5.0) (10.0, 10.0)
(10.0, 10.0) (15.0, 10.0)
(15.0, 10.0) (15.0, 15.0)
(15.0, 15.0) (20.0, 15.0)
(20.0, 15.0) (20.0, 20.0)
(20.0, 20.0) (25.0, 20.0)
(25.0, 20.0) (25.0, 15.0)
(25.0, 15.0) (30.0, 15.0)
(30.0, 15.0) (30.0, 10.0)
(30.0, 10.0) (35.0, 10.0)
(35.0, 10.0) (35.0, 5.0)
(35.0, 5.0) (30.0, 5.0)
(30.0, 5.0) (30.0, -0.0)
(30.0, -0.0) (35.0, -0.0)
(35.0, -0.0) (35.0, 5.0)
(35.0, 5.0) (40.0, 5.0)
(40.0, 5.0) (40.0, -0.0)
(40.0, -0.0) (45.0, -0.0)
(45.0, -0.0) (45.0, 5.0)
(45.0, 5.0) (40.0, 5.0)
(40.0, 5.0) (40.0, 10.0)
(40.0, 10.0) (45.0, 10.0)
(45.0, 10.0) (45.0, 15.0)
(45.0, 15.0) (40.0, 15.0)
(40.0, 15.0) (40.0, 10.0)
(40.0, 10.0) (35.0, 10.0)
(35.0, 10.0) (35.0, 15.0)
(35.0, 15.0) (30.0, 15.0)
(30.0, 15.0) (30.0, 20.0)
(30.0, 20.0) (25.0, 20.0)
(25.0, 20.0) (25.0, 25.0)
(25.0, 25.0) (30.0, 25.0)
(30.0, 25.0) (30.0, 30.0)
(30.0, 30.0) (35.0, 30.0)
(35.0, 30.0) (35.0, 35.0)
(35.0, 35.0) (40.0, 35.0)
(40.0, 35.0) (40.0, 30.0)
(40.0, 30.0) (45.0, 30.0)
(45.0, 30.0) (45.0, 35.0)
(45.0, 35.0) (40.0, 35.0)
(40.0, 35.0) (40.0, 40.0)
(40.0, 40.0) (45.0, 40.0)
(45.0, 40.0) (45.0, 45.0)
(45.0, 45.0) (50.0, 45.0)
(50.0, 45.0) (50.0, 50.0)
(50.0, 50.0) (55.0, 50.0)
(55.0, 50.0) (55.0, 45.0)
(55.0, 45.0) (60.0, 45.0)
(60.0, 45.0) (60.0, 50.0)
(60.0, 50.0) (55.0, 50.0)
(55.0, 50.0) (55.0, 55.0)
(55.0, 55.0) (60.0, 55.0)
(60.0, 55.0) (60.0, 60.0)
(60.0, 60.0) (65.0, 60.0)
(65.0, 60.0) (65.0, 65.0)
(65.0, 65.0) (70.0, 65.0)
(70.0, 65.0) (70.0, 60.0)
(70.0, 60.0) (75.0, 60.0)
(75.0, 60.0) (75.0, 55.0)
(75.0, 55.0) (80.0, 55.0)
(80.0, 55.0) (80.0, 50.0)
(80.0, 50.0) (75.0, 50.0)
(75.0, 50.0) (75.0, 45.0)
(75.0, 45.0) (80.0, 45.0)
(80.0, 45.0) (80.0, 50.0)
(80.0, 50.0) (85.0, 50.0)
(85.0, 50.0) (85.0, 45.0)
(85.0, 45.0) (90.0, 45.0)
(90.0, 45.0) (90.0, 40.0)
(90.0, 40.0) (95.0, 40.0)
(95.0, 40.0) (95.0, 35.0)
(95.0, 35.0) (90.0, 35.0)
(90.0, 35.0) (90.0, 30.0)
(90.0, 30.0) (95.0, 30.0)
(95.0, 30.0) (95.0, 35.0)
(95.0, 35.0) (100.0, 35.0)
(100.0, 35.0) (100.0, 30.0)
(100.0, 30.0) (105.0, 30.0)
(105.0, 30.0) (105.0, 25.0)
(105.0, 25.0) (110.0, 25.0)
(110.0, 25.0) (110.0, 20.0)
(110.0, 20.0) (105.0, 20.0)
(105.0, 20.0) (105.0, 15.0)
(105.0, 15.0) (100.0, 15.0)
(100.0, 15.0) (100.0, 10.0)
(100.0, 10.0) (95.0, 10.0)
(95.0, 10.0) (95.0, 15.0)
(95.0, 15.0) (90.0, 15.0)
(90.0, 15.0) (90.0, 10.0)
(90.0, 10.0) (95.0, 10.0)
(95.0, 10.0) (95.0, 5.0)
(95.0, 5.0) (90.0, 5.0)
(90.0, 5.0) (90.0, -0.0)
(90.0, -0.0) (95.0, -0.0)
(95.0, -0.0) (95.0, 5.0)
(95.0, 5.0) (100.0, 5.0)
(100.0, 5.0) (100.0, -0.0)
(100.0, -0.0) (105.0, -0.0)
(105.0, -0.0) (105.0, 5.0)
(105.0, 5.0) (100.0, 5.0)
(100.0, 5.0) (100.0, 10.0)
(100.0, 10.0) (105.0, 10.0)
(105.0, 10.0) (105.0, 15.0)
(105.0, 15.0) (110.0, 15.0)
(110.0, 15.0) (110.0, 20.0)
(110.0, 20.0) (115.0, 20.0)
(115.0, 20.0) (115.0, 15.0)
(115.0, 15.0) (120.0, 15.0)
(120.0, 15.0) (120.0, 10.0)
(120.0, 10.0) (125.0, 10.0)
(125.0, 10.0) (125.0, 5.0)
(125.0, 5.0) (120.0, 5.0)
(120.0, 5.0) (120.0, -0.0)
(120.0, -0.0) (125.0, -0.0)
(125.0, -0.0) (125.0, 5.0)
(125.0, 5.0) (130.0, 5.0)
(130.0, 5.0) (130.0, -0.0)
(130.0, -0.0) (135.0, -0.0)
(135.0, -0.0) (135.0, 5.0)
(135.0, 5.0) (130.0, 5.0)
(130.0, 5.0) (130.0, 10.0)
(130.0, 10.0) (135.0, 10.0)
(135.0, 10.0) (135.0, 15.0)
(135.0, 15.0) (130.0, 15.0)
(130.0, 15.0) (130.0, 10.0)
(130.0, 10.0) (125.0, 10.0)
(125.0, 10.0) (125.0, 15.0)
(125.0, 15.0) (120.0, 15.0)
(120.0, 15.0) (120.0, 20.0)
(120.0, 20.0) (115.0, 20.0)
(115.0, 20.0) (115.0, 25.0)
(115.0, 25.0) (120.0, 25.0)
(120.0, 25.0) (120.0, 30.0)
(120.0, 30.0) (125.0, 30.0)
(125.0, 30.0) (125.0, 35.0)
(125.0, 35.0) (130.0, 35.0)
(130.0, 35.0) (130.0, 30.0)
(130.0, 30.0) (135.0, 30.0)
(135.0, 30.0) (135.0, 35.0)
(135.0, 35.0) (130.0, 35.0)
(130.0, 35.0) (130.0, 40.0)
(130.0, 40.0) (135.0, 40.0)
(135.0, 40.0) (135.0, 45.0)
(135.0, 45.0) (130.0, 45.0)
(130.0, 45.0) (130.0, 40.0)
(130.0, 40.0) (125.0, 40.0)
(125.0, 40.0) (125.0, 45.0)
(125.0, 45.0) (120.0, 45.0)
(120.0, 45.0) (120.0, 40.0)
(120.0, 40.0) (125.0, 40.0)
(125.0, 40.0) (125.0, 35.0)
(125.0, 35.0) (120.0, 35.0)
(120.0, 35.0) (120.0, 30.0)
(120.0, 30.0) (115.0, 30.0)
(115.0, 30.0) (115.0, 25.0)
(115.0, 25.0) (110.0, 25.0)
(110.0, 25.0) (110.0, 30.0)
(110.0, 30.0) (105.0, 30.0)
(105.0, 30.0) (105.0, 35.0)
(105.0, 35.0) (100.0, 35.0)
(100.0, 35.0) (100.0, 40.0)
(100.0, 40.0) (105.0, 40.0)
(105.0, 40.0) (105.0, 45.0)
(105.0, 45.0) (100.0, 45.0)
(100.0, 45.0) (100.0, 40.0)
(100.0, 40.0) (95.0, 40.0)
(95.0, 40.0) (95.0, 45.0)
(95.0, 45.0) (90.0, 45.0)
(90.0, 45.0) (90.0, 50.0)
(90.0, 50.0) (85.0, 50.0)
(85.0, 50.0) (85.0, 55.0)
(85.0, 55.0) (90.0, 55.0)
(90.0, 55.0) (90.0, 60.0)
(90.0, 60.0) (85.0, 60.0)
(85.0, 60.0) (85.0, 55.0)
(85.0, 55.0) (80.0, 55.0)
(80.0, 55.0) (80.0, 60.0)
(80.0, 60.0) (75.0, 60.0)
(75.0, 60.0) (75.0, 65.0)
(75.0, 65.0) (70.0, 65.0)
(70.0, 65.0) (70.0, 70.0)
(70.0, 70.0) (75.0, 70.0)
(75.0, 70.0) (75.0, 75.0)
(75.0, 75.0) (80.0, 75.0)
(80.0, 75.0) (80.0, 80.0)
(80.0, 80.0) (85.0, 80.0)
(85.0, 80.0) (85.0, 75.0)
(85.0, 75.0) (90.0, 75.0)
(90.0, 75.0) (90.0, 80.0)
(90.0, 80.0) (85.0, 80.0)
(85.0, 80.0) (85.0, 85.0)
(85.0, 85.0) (90.0, 85.0)
(90.0, 85.0) (90.0, 90.0)
(90.0, 90.0) (95.0, 90.0)
(95.0, 90.0) (95.0, 95.0)
(95.0, 95.0) (100.0, 95.0)
(100.0, 95.0) (100.0, 90.0)
(100.0, 90.0) (105.0, 90.0)
(105.0, 90.0) (105.0, 95.0)
(105.0, 95.0) (100.0, 95.0)
(100.0, 95.0) (100.0, 100.0)
(100.0, 100.0) (105.0, 100.0)
(105.0, 100.0) (105.0, 105.0)
(105.0, 105.0) (110.0, 105.0)
(110.0, 105.0) (110.0, 110.0)
(110.0, 110.0) (115.0, 110.0)
(115.0, 110.0) (115.0, 105.0)
(115.0, 105.0) (120.0, 105.0)
(120.0, 105.0) (120.0, 100.0)
(120.0, 100.0) (125.0, 100.0)
(125.0, 100.0) (125.0, 95.0)
(125.0, 95.0) (120.0, 95.0)
(120.0, 95.0) (120.0, 90.0)
(120.0, 90.0) (125.0, 90.0)
(125.0, 90.0) (125.0, 95.0)
(125.0, 95.0) (130.0, 95.0)
(130.0, 95.0) (130.0, 90.0)
(130.0, 90.0) (135.0, 90.0)
(135.0, 90.0) (135.0, 95.0)
(135.0, 95.0) (130.0, 95.0)
(130.0, 95.0) (130.0, 100.0)
(130.0, 100.0) (135.0, 100.0)
(135.0, 100.0) (135.0, 105.0)
(135.0, 105.0) (130.0, 105.0)
(130.0, 105.0) (130.0, 100.0)
(130.0, 100.0) (125.0, 100.0)
(125.0, 100.0) (125.0, 105.0)
(125.0, 105.0) (120.0, 105.0)
(120.0, 105.0) (120.0, 110.0)
(120.0, 110.0) (115.0, 110.0)
(115.0, 110.0) (115.0, 115.0)
(115.0, 115.0) (120.0, 115.0)
(120.0, 115.0) (120.0, 120.0)
(120.0, 120.0) (125.0, 120.0)
(125.0, 120.0) (125.0, 125.0)
(125.0, 125.0) (130.0, 125.0)
(130.0, 125.0) (130.0, 120.0)
(130.0, 120.0) (135.0, 120.0)
(135.0, 120.0) (135.0, 125.0)
(135.0, 125.0) (130.0, 125.0)
(130.0, 125.0) (130.0, 130.0)
(130.0, 130.0) (135.0, 130.0)
(135.0, 130.0) (135.0, 135.0)
(135.0, 135.0) (140.0, 135.0)
(140.0, 135.0) (140.0, 140.0)
(140.0, 140.0) (145.0, 140.0)
(145.0, 140.0) (145.0, 135.0)
(145.0, 135.0) (150.0, 135.0)
(150.0, 135.0) (150.0, 140.0)
(150.0, 140.0) (145.0, 140.0)
(145.0, 140.0) (145.0, 145.0)
(145.0, 145.0) (150.0, 145.0)
(150.0, 145.0) (150.0, 150.0)
(150.0, 150.0) (155.0, 150.0)
(155.0, 150.0) (155.0, 155.0)
(155.0, 155.0) (160.0, 155.0)
(160.0, 155.0) (160.0, 150.0)
(160.0, 150.0) (165.0, 150.0)
(165.0, 150.0) (165.0, 145.0)
(165.0, 145.0) (170.0, 145.0)
(170.0, 145.0) (170.0, 140.0)
(170.0, 140.0) (165.0, 140.0)
(165.0, 140.0) (165.0, 135.0)
(165.0, 135.0) (170.0, 135.0)
(170.0, 135.0) (170.0, 140.0)
(170.0, 140.0) (175.0, 140.0)
(175.0, 140.0) (175.0, 135.0)
(175.0, 135.0) (180.0, 135.0)
(180.0, 135.0) (180.0, 140.0)
(180.0, 140.0) (175.0, 140.0)
(175.0, 140.0) (175.0, 145.0)
(175.0, 145.0) (180.0, 145.0)
(180.0, 145.0) (180.0, 150.0)
(180.0, 150.0) (175.0, 150.0)
(175.0, 150.0) (175.0, 145.0)
(175.0, 145.0) (170.0, 145.0)
(170.0, 145.0) (170.0, 150.0)
(170.0, 150.0) (165.0, 150.0)
(165.0, 150.0) (165.0, 155.0)
(165.0, 155.0) (160.0, 155.0)
(160.0, 155.0) (160.0, 160.0)
(160.0, 160.0) (165.0, 160.0)
(165.0, 160.0) (165.0, 165.0)
(165.0, 165.0) (170.0, 165.0)
(170.0, 165.0) (170.0, 170.0)
(170.0, 170.0) (175.0, 170.0)
(175.0, 170.0) (175.0, 165.0)
(175.0, 165.0) (180.0, 165.0)
(180.0, 165.0) (180.0, 170.0)
(180.0, 170.0) (175.0, 170.0)
(175.0, 170.0) (175.0, 175.0)
(175.0, 175.0) (180.0, 175.0)
(180.0, 175.0) (180.0, 180.0)
(180.0, 180.0) (185.0, 180.0)
(185.0, 180.0) (185.0, 185.0)
(185.0, 185.0) (190.0, 185.0)
(190.0, 185.0) (190.0, 180.0)
(190.0, 180.0) (195.0, 180.0)
(195.0, 180.0) (195.0, 185.0)
(195.0, 185.0) (190.0, 185.0)
(190.0, 185.0) (190.0, 190.0)
(190.0, 190.0) (195.0, 190.0)
(195.0, 190.0) (195.0, 195.0)
(195.0, 195.0) (200.0, 195.0)
(200.0, 195.0) (200.0, 200.0)
(200.0, 200.0) (205.0, 200.0)
(205.0, 200.0) (205.0, 195.0)
(205.0, 195.0) (210.0, 195.0)
(210.0, 195.0) (210.0, 190.0)
(210.0, 190.0) (215.0, 190.0)
(215.0, 190.0) (215.0, 185.0)
(215.0, 185.0) (210.0, 185.0)
(210.0, 185.0) (210.0, 180.0)
(210.0, 180.0) (215.0, 180.0)
(215.0, 180.0) (215.0, 185.0)
(215.0, 185.0) (220.0, 185.0)
(220.0, 185.0) (220.0, 180.0)
(220.0, 180.0) (225.0, 180.0)
(225.0, 180.0) (225.0, 175.0)
(225.0, 175.0) (230.0, 175.0)
(230.0, 175.0) (230.0, 170.0)
(230.0, 170.0) (225.0, 170.0)
(225.0, 170.0) (225.0, 165.0)
(225.0, 165.0) (230.0, 165.0)
(230.0, 165.0) (230.0, 170.0)
(230.0, 170.0) (235.0, 170.0)
(235.0, 170.0) (235.0, 165.0)
(235.0, 165.0) (240.0, 165.0)
(240.0, 165.0) (240.0, 160.0)
(240.0, 160.0) (245.0, 160.0)
(245.0, 160.0) (245.0, 155.0)
(245.0, 155.0) (240.0, 155.0)
(240.0, 155.0) (240.0, 150.0)
(240.0, 150.0) (235.0, 150.0)
(235.0, 150.0) (235.0, 145.0)
(235.0, 145.0) (230.0, 145.0)
(230.0, 145.0) (230.0, 150.0)
(230.0, 150.0) (225.0, 150.0)
(225.0, 150.0) (225.0, 145.0)
(225.0, 145.0) (230.0, 145.0)
(230.0, 145.0) (230.0, 140.0)
(230.0, 140.0) (225.0, 140.0)
(225.0, 140.0) (225.0, 135.0)
(225.0, 135.0) (230.0, 135.0)
(230.0, 135.0) (230.0, 140.0)
(230.0, 140.0) (235.0, 140.0)
(235.0, 140.0) (235.0, 135.0)
(235.0, 135.0) (240.0, 135.0)
(240.0, 135.0) (240.0, 140.0)
(240.0, 140.0) (235.0, 140.0)
(235.0, 140.0) (235.0, 145.0)
(235.0, 145.0) (240.0, 145.0)
(240.0, 145.0) (240.0, 150.0)
(240.0, 150.0) (245.0, 150.0)
(245.0, 150.0) (245.0, 155.0)
(245.0, 155.0) (250.0, 155.0)
(250.0, 155.0) (250.0, 150.0)
(250.0, 150.0) (255.0, 150.0)
(255.0, 150.0) (255.0, 145.0)
(255.0, 145.0) (260.0, 145.0)
(260.0, 145.0) (260.0, 140.0)
(260.0, 140.0) (255.0, 140.0)
(255.0, 140.0) (255.0, 135.0)
(255.0, 135.0) (260.0, 135.0)
(260.0, 135.0) (260.0, 140.0)
(260.0, 140.0) (265.0, 140.0)
(265.0, 140.0) (265.0, 135.0)
(265.0, 135.0) (270.0, 135.0)
(270.0, 135.0) (270.0, 130.0)
(270.0, 130.0) (275.0, 130.0)
(275.0, 130.0) (275.0, 125.0)
(275.0, 125.0) (270.0, 125.0)
(270.0, 125.0) (270.0, 120.0)
(270.0, 120.0) (275.0, 120.0)
(275.0, 120.0) (275.0, 125.0)
(275.0, 125.0) (280.0, 125.0)
(280.0, 125.0) (280.0, 120.0)
(280.0, 120.0) (285.0, 120.0)
(285.0, 120.0) (285.0, 115.0)
(285.0, 115.0) (290.0, 115.0)
(290.0, 115.0) (290.0, 110.0)
(290.0, 110.0) (285.0, 110.0)
(285.0, 110.0) (285.0, 105.0)
(285.0, 105.0) (280.0, 105.0)
(280.0, 105.0) (280.0, 100.0)
(280.0, 100.0) (275.0, 100.0)
(275.0, 100.0) (275.0, 105.0)
(275.0, 105.0) (270.0, 105.0)
(270.0, 105.0) (270.0, 100.0)
(270.0, 100.0) (275.0, 100.0)
(275.0, 100.0) (275.0, 95.0)
(275.0, 95.0) (270.0, 95.0)
(270.0, 95.0) (270.0, 90.0)
(270.0, 90.0) (275.0, 90.0)
(275.0, 90.0) (275.0, 95.0)
(275.0, 95.0) (280.0, 95.0)
(280.0, 95.0) (280.0, 90.0)
(280.0, 90.0) (285.0, 90.0)
(285.0, 90.0) (285.0, 95.0)
(285.0, 95.0) (280.0, 95.0)
(280.0, 95.0) (280.0, 100.0)
(280.0, 100.0) (285.0, 100.0)
(285.0, 100.0) (285.0, 105.0)
(285.0, 105.0) (290.0, 105.0)
(290.0, 105.0) (290.0, 110.0)
(290.0, 110.0) (295.0, 110.0)
(295.0, 110.0) (295.0, 105.0)
(295.0, 105.0) (300.0, 105.0)
(300.0, 105.0) (300.0, 100.0)
(300.0, 100.0) (305.0, 100.0)
(305.0, 100.0) (305.0, 95.0)
(305.0, 95.0) (300.0, 95.0)
(300.0, 95.0) (300.0, 90.0)
(300.0, 90.0) (305.0, 90.0)
(305.0, 90.0) (305.0, 95.0)
(305.0, 95.0) (310.0, 95.0)
(310.0, 95.0) (310.0, 90.0)
(310.0, 90.0) (315.0, 90.0)
(315.0, 90.0) (315.0, 85.0)
(315.0, 85.0) (320.0, 85.0)
(320.0, 85.0) (320.0, 80.0)
(320.0, 80.0) (315.0, 80.0)
(315.0, 80.0) (315.0, 75.0)
(315.0, 75.0) (320.0, 75.0)
(320.0, 75.0) (320.0, 80.0)
(320.0, 80.0) (325.0, 80.0)
(325.0, 80.0) (325.0, 75.0)
(325.0, 75.0) (330.0, 75.0)
(330.0, 75.0) (330.0, 70.0)
(330.0, 70.0) (335.0, 70.0)
(335.0, 70.0) (335.0, 65.0)
(335.0, 65.0) (330.0, 65.0)
(330.0, 65.0) (330.0, 60.0)
(330.0, 60.0) (325.0, 60.0)
(325.0, 60.0) (325.0, 55.0)
(325.0, 55.0) (320.0, 55.0)
(320.0, 55.0) (320.0, 60.0)
(320.0, 60.0) (315.0, 60.0)
(315.0, 60.0) (315.0, 55.0)
(315.0, 55.0) (320.0, 55.0)
(320.0, 55.0) (320.0, 50.0)
(320.0, 50.0) (315.0, 50.0)
(315.0, 50.0) (315.0, 45.0)
(315.0, 45.0) (310.0, 45.0)
(310.0, 45.0) (310.0, 40.0)
(310.0, 40.0) (305.0, 40.0)
(305.0, 40.0) (305.0, 45.0)
(305.0, 45.0) (300.0, 45.0)
(300.0, 45.0) (300.0, 40.0)
(300.0, 40.0) (305.0, 40.0)
(305.0, 40.0) (305.0, 35.0)
(305.0, 35.0) (300.0, 35.0)
(300.0, 35.0) (300.0, 30.0)
(300.0, 30.0) (295.0, 30.0)
(295.0, 30.0) (295.0, 25.0)
(295.0, 25.0) (290.0, 25.0)
(290.0, 25.0) (290.0, 30.0)
(290.0, 30.0) (285.0, 30.0)
(285.0, 30.0) (285.0, 35.0)
(285.0, 35.0) (280.0, 35.0)
(280.0, 35.0) (280.0, 40.0)
(280.0, 40.0) (285.0, 40.0)
(285.0, 40.0) (285.0, 45.0)
(285.0, 45.0) (280.0, 45.0)
(280.0, 45.0) (280.0, 40.0)
(280.0, 40.0) (275.0, 40.0)
(275.0, 40.0) (275.0, 45.0)
(275.0, 45.0) (270.0, 45.0)
(270.0, 45.0) (270.0, 40.0)
(270.0, 40.0) (275.0, 40.0)
(275.0, 40.0) (275.0, 35.0)
(275.0, 35.0) (270.0, 35.0)
(270.0, 35.0) (270.0, 30.0)
(270.0, 30.0) (275.0, 30.0)
(275.0, 30.0) (275.0, 35.0)
(275.0, 35.0) (280.0, 35.0)
(280.0, 35.0) (280.0, 30.0)
(280.0, 30.0) (285.0, 30.0)
(285.0, 30.0) (285.0, 25.0)
(285.0, 25.0) (290.0, 25.0)
(290.0, 25.0) (290.0, 20.0)
(290.0, 20.0) (285.0, 20.0)
(285.0, 20.0) (285.0, 15.0)
(285.0, 15.0) (280.0, 15.0)
(280.0, 15.0) (280.0, 10.0)
(280.0, 10.0) (275.0, 10.0)
(275.0, 10.0) (275.0, 15.0)
(275.0, 15.0) (270.0, 15.0)
(270.0, 15.0) (270.0, 10.0)
(270.0, 10.0) (275.0, 10.0)
(275.0, 10.0) (275.0, 5.0)
(275.0, 5.0) (270.0, 5.0)
(270.0, 5.0) (270.0, -0.0)
(270.0, -0.0) (275.0, -0.0)
(275.0, -0.0) (275.0, 5.0)
(275.0, 5.0) (280.0, 5.0)
(280.0, 5.0) (280.0, -0.0)
(280.0, -0.0) (285.0, -0.0)
(285.0, -0.0) (285.0, 5.0)
(285.0, 5.0) (280.0, 5.0)
(280.0, 5.0) (280.0, 10.0)
(280.0, 10.0) (285.0, 10.0)
(285.0, 10.0) (285.0, 15.0)
(285.0, 15.0) (290.0, 15.0)
(290.0, 15.0) (290.0, 20.0)
(290.0, 20.0) (295.0, 20.0)
(295.0, 20.0) (295.0, 15.0)
(295.0, 15.0) (300.0, 15.0)
(300.0, 15.0) (300.0, 10.0)
(300.0, 10.0) (305.0, 10.0)
(305.0, 10.0) (305.0, 5.0)
(305.0, 5.0) (300.0, 5.0)
(300.0, 5.0) (300.0, -0.0)
(300.0, -0.0) (305.0, -0.0)
(305.0, -0.0) (305.0, 5.0)
(305.0, 5.0) (310.0, 5.0)
(310.0, 5.0) (310.0, -0.0)
(310.0, -0.0) (315.0, -0.0)
(315.0, -0.0) (315.0, 5.0)
(315.0, 5.0) (310.0, 5.0)
(310.0, 5.0) (310.0, 10.0)
(310.0, 10.0) (315.0, 10.0)
(315.0, 10.0) (315.0, 15.0)
(315.0, 15.0) (310.0, 15.0)
(310.0, 15.0) (310.0, 10.0)
(310.0, 10.0) (305.0, 10.0)
(305.0, 10.0) (305.0, 15.0)
(305.0, 15.0) (300.0, 15.0)
(300.0, 15.0) (300.0, 20.0)
(300.0, 20.0) (295.0, 20.0)
(295.0, 20.0) (295.0, 25.0)
(295.0, 25.0) (300.0, 25.0)
(300.0, 25.0) (300.0, 30.0)
(300.0, 30.0) (305.0, 30.0)
(305.0, 30.0) (305.0, 35.0)
(305.0, 35.0) (310.0, 35.0)
(310.0, 35.0) (310.0, 30.0)
(310.0, 30.0) (315.0, 30.0)
(315.0, 30.0) (315.0, 35.0)
(315.0, 35.0) (310.0, 35.0)
(310.0, 35.0) (310.0, 40.0)
(310.0, 40.0) (315.0, 40.0)
(315.0, 40.0) (315.0, 45.0)
(315.0, 45.0) (320.0, 45.0)
(320.0, 45.0) (320.0, 50.0)
(320.0, 50.0) (325.0, 50.0)
(325.0, 50.0) (325.0, 45.0)
(325.0, 45.0) (330.0, 45.0)
(330.0, 45.0) (330.0, 50.0)
(330.0, 50.0) (325.0, 50.0)
(325.0, 50.0) (325.0, 55.0)
(325.0, 55.0) (330.0, 55.0)
(330.0, 55.0) (330.0, 60.0)
(330.0, 60.0) (335.0, 60.0)
(335.0, 60.0) (335.0, 65.0)
(335.0, 65.0) (340.0, 65.0)
(340.0, 65.0) (340.0, 60.0)
(340.0, 60.0) (345.0, 60.0)
(345.0, 60.0) (345.0, 55.0)
(345.0, 55.0) (350.0, 55.0)
(350.0, 55.0) (350.0, 50.0)
(350.0, 50.0) (345.0, 50.0)
(345.0, 50.0) (345.0, 45.0)
(345.0, 45.0) (350.0, 45.0)
(350.0, 45.0) (350.0, 50.0)
(350.0, 50.0) (355.0, 50.0)
(355.0, 50.0) (355.0, 45.0)
(355.0, 45.0) (360.0, 45.0)
(360.0, 45.0) (360.0, 40.0)
(360.0, 40.0) (365.0, 40.0)
(365.0, 40.0) (365.0, 35.0)
(365.0, 35.0) (360.0, 35.0)
(360.0, 35.0) (360.0, 30.0)
(360.0, 30.0) (365.0, 30.0)
(365.0, 30.0) (365.0, 35.0)
(365.0, 35.0) (370.0, 35.0)
(370.0, 35.0) (370.0, 30.0)
(370.0, 30.0) (375.0, 30.0)
(375.0, 30.0) (375.0, 25.0)
(375.0, 25.0) (380.0, 25.0)
(380.0, 25.0) (380.0, 20.0)
(380.0, 20.0) (375.0, 20.0)
(375.0, 20.0) (375.0, 15.0)
(375.0, 15.0) (370.0, 15.0)
(370.0, 15.0) (370.0, 10.0)
(370.0, 10.0) (365.0, 10.0)
(365.0, 10.0) (365.0, 15.0)
(365.0, 15.0) (360.0, 15.0)
(360.0, 15.0) (360.0, 10.0)
(360.0, 10.0) (365.0, 10.0)
(365.0, 10.0) (365.0, 5.0)
(365.0, 5.0) (360.0, 5.0)
(360.0, 5.0) (360.0, -0.0)
(360.0, -0.0) (365.0, -0.0)
(365.0, -0.0) (365.0, 5.0)
(365.0, 5.0) (370.0, 5.0)
(370.0, 5.0) (370.0, -0.0)
(370.0, -0.0) (375.0, -0.0)
(375.0, -0.0) (375.0, 5.0)
(375.0, 5.0) (370.0, 5.0)
(370.0, 5.0) (370.0, 10.0)
(370.0, 10.0) (375.0, 10.0)
(375.0, 10.0) (375.0, 15.0)
(375.0, 15.0) (380.0, 15.0)
(380.0, 15.0) (380.0, 20.0)
(380.0, 20.0) (385.0, 20.0)
(385.0, 20.0) (385.0, 15.0)
(385.0, 15.0) (390.0, 15.0)
(390.0, 15.0) (390.0, 10.0)
(390.0, 10.0) (395.0, 10.0)
(395.0, 10.0) (395.0, 5.0)
(395.0, 5.0) (390.0, 5.0)
(390.0, 5.0) (390.0, -0.0)
(390.0, -0.0) (395.0, -0.0)
(395.0, -0.0) (395.0, 5.0)
(395.0, 5.0) (400.0, 5.0)
(400.0, 5.0) (400.0, -0.0)
(400.0, -0.0) (405.0, -0.0)
(405.0, -0.0) (405.0, 5.0)
(405.0, 5.0) (400.0, 5.0)
(400.0, 5.0) (400.0, 10.0)
(400.0, 10.0) (405.0, 10.0)
(405.0, 10.0) (405.0, 15.0)
(405.0, 15.0) (400.0, 15.0)
(400.0, 15.0) (400.0, 10.0)
(400.0, 10.0) (395.0, 10.0)
(395.0, 10.0) (395.0, 15.0)
(395.0, 15.0) (390.0, 15.0)
(390.0, 15.0) (390.0, 20.0)
(390.0, 20.0) (385.0, 20.0)
(385.0, 20.0) (385.0, 25.0)
(385.0, 25.0) (390.0, 25.0)
(390.0, 25.0) (390.0, 30.0)
(390.0, 30.0) (395.0, 30.0)
(395.0, 30.0) (395.0, 35.0)
(395.0, 35.0) (400.0, 35.0)
(400.0, 35.0) (400.0, 30.0)
(400.0, 30.0) (405.0, 30.0)
(405.0, 30.0) (405.0, 35.0)
(405.0, 35.0) (400.0, 35.0)
(400.0, 35.0) (400.0, 40.0)
(400.0, 40.0) (405.0, 40.0)
(405.0, 40.0) (405.0, 45.0)
(405.0, 45.0) (400.0, 45.0)
(400.0, 45.0) (400.0, 40.0)
(400.0, 40.0) (395.0, 40.0)
(395.0, 40.0) (395.0, 45.0)
(395.0, 45.0) (390.0, 45.0)
(390.0, 45.0) (390.0, 40.0)
(390.0, 40.0) (395.0, 40.0)
(395.0, 40.0) (395.0, 35.0)
(395.0, 35.0) (390.0, 35.0)
(390.0, 35.0) (390.0, 30.0)
(390.0, 30.0) (385.0, 30.0)
(385.0, 30.0) (385.0, 25.0)
(385.0, 25.0) (380.0, 25.0)
(380.0, 25.0) (380.0, 30.0)
(380.0, 30.0) (375.0, 30.0)
(375.0, 30.0) (375.0, 35.0)
(375.0, 35.0) (370.0, 35.0)
(370.0, 35.0) (370.0, 40.0)
(370.0, 40.0) (375.0, 40.0)
(375.0, 40.0) (375.0, 45.0)
(375.0, 45.0) (370.0, 45.0)
(370.0, 45.0) (370.0, 40.0)
(370.0, 40.0) (365.0, 40.0)
(365.0, 40.0) (365.0, 45.0)
(365.0, 45.0) (360.0, 45.0)
(360.0, 45.0) (360.0, 50.0)
(360.0, 50.0) (355.0, 50.0)
(355.0, 50.0) (355.0, 55.0)
(355.0, 55.0) (360.0, 55.0)
(360.0, 55.0) (360.0, 60.0)
(360.0, 60.0) (355.0, 60.0)
(355.0, 60.0) (355.0, 55.0)
(355.0, 55.0) (350.0, 55.0)
(350.0, 55.0) (350.0, 60.0)
(350.0, 60.0) (345.0, 60.0)
(345.0, 60.0) (345.0, 65.0)
(345.0, 65.0) (340.0, 65.0)
(340.0, 65.0) (340.0, 70.0)
(340.0, 70.0) (345.0, 70.0)
(345.0, 70.0) (345.0, 75.0)
(345.0, 75.0) (350.0, 75.0)
(350.0, 75.0) (350.0, 80.0)
(350.0, 80.0) (355.0, 80.0)
(355.0, 80.0) (355.0, 75.0)
(355.0, 75.0) (360.0, 75.0)
(360.0, 75.0) (360.0, 80.0)
(360.0, 80.0) (355.0, 80.0)
(355.0, 80.0) (355.0, 85.0)
(355.0, 85.0) (360.0, 85.0)
(360.0, 85.0) (360.0, 90.0)
(360.0, 90.0) (365.0, 90.0)
(365.0, 90.0) (365.0, 95.0)
(365.0, 95.0) (370.0, 95.0)
(370.0, 95.0) (370.0, 90.0)
(370.0, 90.0) (375.0, 90.0)
(375.0, 90.0) (375.0, 95.0)
(375.0, 95.0) (370.0, 95.0)
(370.0, 95.0) (370.0, 100.0)
(370.0, 100.0) (375.0, 100.0)
(375.0, 100.0) (375.0, 105.0)
(375.0, 105.0) (380.0, 105.0)
(380.0, 105.0) (380.0, 110.0)
(380.0, 110.0) (385.0, 110.0)
(385.0, 110.0) (385.0, 105.0)
(385.0, 105.0) (390.0, 105.0)
(390.0, 105.0) (390.0, 100.0)
(390.0, 100.0) (395.0, 100.0)
(395.0, 100.0) (395.0, 95.0)
(395.0, 95.0) (390.0, 95.0)
(390.0, 95.0) (390.0, 90.0)
(390.0, 90.0) (395.0, 90.0)
(395.0, 90.0) (395.0, 95.0)
(395.0, 95.0) (400.0, 95.0)
(400.0, 95.0) (400.0, 90.0)
(400.0, 90.0) (405.0, 90.0)
(405.0, 90.0) (405.0, 95.0)
(405.0, 95.0) (400.0, 95.0)
(400.0, 95.0) (400.0, 100.0)
(400.0, 100.0) (405.0, 100.0)
(405.0, 100.0) (405.0, 105.0)
(405.0, 105.0) (400.0, 105.0)
(400.0, 105.0) (400.0, 100.0)
(400.0, 100.0) (395.0, 100.0)
(395.0, 100.0) (395.0, 105.0)
(395.0, 105.0) (390.0, 105.0)
(390.0, 105.0) (390.0, 110.0)
(390.0, 110.0) (385.0, 110.0)
(385.0, 110.0) (385.0, 115.0)
(385.0, 115.0) (390.0, 115.0)
(390.0, 115.0) (390.0, 120.0)
(390.0, 120.0) (395.0, 120.0)
(395.0, 120.0) (395.0, 125.0)
(395.0, 125.0) (400.0, 125.0)
(400.0, 125.0) (400.0, 120.0)
(400.0, 120.0) (405.0, 120.0)
(405.0, 120.0) (405.0, 125.0)
(405.0, 125.0) (400.0, 125.0)
(400.0, 125.0) (400.0, 130.0)
(400.0, 130.0) (405.0, 130.0)
(405.0, 130.0) (405.0, 135.0)
(405.0, 135.0) (400.0, 135.0)
(400.0, 135.0) (400.0, 130.0)
(400.0, 130.0) (395.0, 130.0)
(395.0, 130.0) (395.0, 135.0)
(395.0, 135.0) (390.0, 135.0)
(390.0, 135.0) (390.0, 130.0)
(390.0, 130.0) (395.0, 130.0)
(395.0, 130.0) (395.0, 125.0)
(395.0, 125.0) (390.0, 125.0)
(390.0, 125.0) (390.0, 120.0)
(390.0, 120.0) (385.0, 120.0)
(385.0, 120.0) (385.0, 115.0)
(385.0, 115.0) (380.0, 115.0)
(380.0, 115.0) (380.0, 120.0)
(380.0, 120.0) (375.0, 120.0)
(375.0, 120.0) (375.0, 125.0)
(375.0, 125.0) (370.0, 125.0)
(370.0, 125.0) (370.0, 130.0)
(370.0, 130.0) (375.0, 130.0)
(375.0, 130.0) (375.0, 135.0)
(375.0, 135.0) (370.0, 135.0)
(370.0, 135.0) (370.0, 130.0)
(370.0, 130.0) (365.0, 130.0)
(365.0, 130.0) (365.0, 135.0)
(365.0, 135.0) (360.0, 135.0)
(360.0, 135.0) (360.0, 130.0)
(360.0, 130.0) (365.0, 130.0)
(365.0, 130.0) (365.0, 125.0)
(365.0, 125.0) (360.0, 125.0)
(360.0, 125.0) (360.0, 120.0)
(360.0, 120.0) (365.0, 120.0)
(365.0, 120.0) (365.0, 125.0)
(365.0, 125.0) (370.0, 125.0)
(370.0, 125.0) (370.0, 120.0)
(370.0, 120.0) (375.0, 120.0)
(375.0, 120.0) (375.0, 115.0)
(375.0, 115.0) (380.0, 115.0)
(380.0, 115.0) (380.0, 110.0)
(380.0, 110.0) (375.0, 110.0)
(375.0, 110.0) (375.0, 105.0)
(375.0, 105.0) (370.0, 105.0)
(370.0, 105.0) (370.0, 100.0)
(370.0, 100.0) (365.0, 100.0)
(365.0, 100.0) (365.0, 105.0)
(365.0, 105.0) (360.0, 105.0)
(360.0, 105.0) (360.0, 100.0)
(360.0, 100.0) (365.0, 100.0)
(365.0, 100.0) (365.0, 95.0)
(365.0, 95.0) (360.0, 95.0)
(360.0, 95.0) (360.0, 90.0)
(360.0, 90.0) (355.0, 90.0)
(355.0, 90.0) (355.0, 85.0)
(355.0, 85.0) (350.0, 85.0)
(350.0, 85.0) (350.0, 90.0)
(350.0, 90.0) (345.0, 90.0)
(345.0, 90.0) (345.0, 85.0)
(345.0, 85.0) (350.0, 85.0)
(350.0, 85.0) (350.0, 80.0)
(350.0, 80.0) (345.0, 80.0)
(345.0, 80.0) (345.0, 75.0)
(345.0, 75.0) (340.0, 75.0)
(340.0, 75.0) (340.0, 70.0)
(340.0, 70.0) (335.0, 70.0)
(335.0, 70.0) (335.0, 75.0)
(335.0, 75.0) (330.0, 75.0)
(330.0, 75.0) (330.0, 80.0)
(330.0, 80.0) (325.0, 80.0)
(325.0, 80.0) (325.0, 85.0)
(325.0, 85.0) (330.0, 85.0)
(330.0, 85.0) (330.0, 90.0)
(330.0, 90.0) (325.0, 90.0)
(325.0, 90.0) (325.0, 85.0)
(325.0, 85.0) (320.0, 85.0)
(320.0, 85.0) (320.0, 90.0)
(320.0, 90.0) (315.0, 90.0)
(315.0, 90.0) (315.0, 95.0)
(315.0, 95.0) (310.0, 95.0)
(310.0, 95.0) (310.0, 100.0)
(310.0, 100.0) (315.0, 100.0)
(315.0, 100.0) (315.0, 105.0)
(315.0, 105.0) (310.0, 105.0)
(310.0, 105.0) (310.0, 100.0)
(310.0, 100.0) (305.0, 100.0)
(305.0, 100.0) (305.0, 105.0)
(305.0, 105.0) (300.0, 105.0)
(300.0, 105.0) (300.0, 110.0)
(300.0, 110.0) (295.0, 110.0)
(295.0, 110.0) (295.0, 115.0)
(295.0, 115.0) (300.0, 115.0)
(300.0, 115.0) (300.0, 120.0)
(300.0, 120.0) (305.0, 120.0)
(305.0, 120.0) (305.0, 125.0)
(305.0, 125.0) (310.0, 125.0)
(310.0, 125.0) (310.0, 120.0)
(310.0, 120.0) (315.0, 120.0)
(315.0, 120.0) (315.0, 125.0)
(315.0, 125.0) (310.0, 125.0)
(310.0, 125.0) (310.0, 130.0)
(310.0, 130.0) (315.0, 130.0)
(315.0, 130.0) (315.0, 135.0)
(315.0, 135.0) (310.0, 135.0)
(310.0, 135.0) (310.0, 130.0)
(310.0, 130.0) (305.0, 130.0)
(305.0, 130.0) (305.0, 135.0)
(305.0, 135.0) (300.0, 135.0)
(300.0, 135.0) (300.0, 130.0)
(300.0, 130.0) (305.0, 130.0)
(305.0, 130.0) (305.0, 125.0)
(305.0, 125.0) (300.0, 125.0)
(300.0, 125.0) (300.0, 120.0)
(300.0, 120.0) (295.0, 120.0)
(295.0, 120.0) (295.0, 115.0)
(295.0, 115.0) (290.0, 115.0)
(290.0, 115.0) (290.0, 120.0)
(290.0, 120.0) (285.0, 120.0)
(285.0, 120.0) (285.0, 125.0)
(285.0, 125.0) (280.0, 125.0)
(280.0, 125.0) (280.0, 130.0)
(280.0, 130.0) (285.0, 130.0)
(285.0, 130.0) (285.0, 135.0)
(285.0, 135.0) (280.0, 135.0)
(280.0, 135.0) (280.0, 130.0)
(280.0, 130.0) (275.0, 130.0)
(275.0, 130.0) (275.0, 135.0)
(275.0, 135.0) (270.0, 135.0)
(270.0, 135.0) (270.0, 140.0)
(270.0, 140.0) (265.0, 140.0)
(265.0, 140.0) (265.0, 145.0)
(265.0, 145.0) (270.0, 145.0)
(270.0, 145.0) (270.0, 150.0)
(270.0, 150.0) (265.0, 150.0)
(265.0, 150.0) (265.0, 145.0)
(265.0, 145.0) (260.0, 145.0)
(260.0, 145.0) (260.0, 150.0)
(260.0, 150.0) (255.0, 150.0)
(255.0, 150.0) (255.0, 155.0)
(255.0, 155.0) (250.0, 155.0)
(250.0, 155.0) (250.0, 160.0)
(250.0, 160.0) (255.0, 160.0)
(255.0, 160.0) (255.0, 165.0)
(255.0, 165.0) (260.0, 165.0)
(260.0, 165.0) (260.0, 170.0)
(260.0, 170.0) (265.0, 170.0)
(265.0, 170.0) (265.0, 165.0)
(265.0, 165.0) (270.0, 165.0)
(270.0, 165.0) (270.0, 170.0)
(270.0, 170.0) (265.0, 170.0)
(265.0, 170.0) (265.0, 175.0)
(265.0, 175.0) (270.0, 175.0)
(270.0, 175.0) (270.0, 180.0)
(270.0, 180.0) (265.0, 180.0)
(265.0, 180.0) (265.0, 175.0)
(265.0, 175.0) (260.0, 175.0)
(260.0, 175.0) (260.0, 180.0)
(260.0, 180.0) (255.0, 180.0)
(255.0, 180.0) (255.0, 175.0)
(255.0, 175.0) (260.0, 175.0)
(260.0, 175.0) (260.0, 170.0)
(260.0, 170.0) (255.0, 170.0)
(255.0, 170.0) (255.0, 165.0)
(255.0, 165.0) (250.0, 165.0)
(250.0, 165.0) (250.0, 160.0)
(250.0, 160.0) (245.0, 160.0)
(245.0, 160.0) (245.0, 165.0)
(245.0, 165.0) (240.0, 165.0)
(240.0, 165.0) (240.0, 170.0)
(240.0, 170.0) (235.0, 170.0)
(235.0, 170.0) (235.0, 175.0)
(235.0, 175.0) (240.0, 175.0)
(240.0, 175.0) (240.0, 180.0)
(240.0, 180.0) (235.0, 180.0)
(235.0, 180.0) (235.0, 175.0)
(235.0, 175.0) (230.0, 175.0)
(230.0, 175.0) (230.0, 180.0)
(230.0, 180.0) (225.0, 180.0)
(225.0, 180.0) (225.0, 185.0)
(225.0, 185.0) (220.0, 185.0)
(220.0, 185.0) (220.0, 190.0)
(220.0, 190.0) (225.0, 190.0)
(225.0, 190.0) (225.0, 195.0)
(225.0, 195.0) (220.0, 195.0)
(220.0, 195.0) (220.0, 190.0)
(220.0, 190.0) (215.0, 190.0)
(215.0, 190.0) (215.0, 195.0)
(215.0, 195.0) (210.0, 195.0)
(210.0, 195.0) (210.0, 200.0)
(210.0, 200.0) (205.0, 200.0)
(205.0, 200.0) (205.0, 205.0)
(205.0, 205.0) (210.0, 205.0)
(210.0, 205.0) (210.0, 210.0)
(210.0, 210.0) (215.0, 210.0)
(215.0, 210.0) (215.0, 215.0)
(215.0, 215.0) (220.0, 215.0)
(220.0, 215.0) (220.0, 210.0)
(220.0, 210.0) (225.0, 210.0)
(225.0, 210.0) (225.0, 215.0)
(225.0, 215.0) (220.0, 215.0)
(220.0, 215.0) (220.0, 220.0)
(220.0, 220.0) (225.0, 220.0)
(225.0, 220.0) (225.0, 225.0)
(225.0, 225.0) (230.0, 225.0)
(230.0, 225.0) (230.0, 230.0)
(230.0, 230.0) (235.0, 230.0)
(235.0, 230.0) (235.0, 225.0)
(235.0, 225.0) (240.0, 225.0)
(240.0, 225.0) (240.0, 230.0)
(240.0, 230.0) (235.0, 230.0)
(235.0, 230.0) (235.0, 235.0)
(235.0, 235.0) (240.0, 235.0)
(240.0, 235.0) (240.0, 240.0)
(240.0, 240.0) (245.0, 240.0)
(245.0, 240.0) (245.0, 245.0)
(245.0, 245.0) (250.0, 245.0)
(250.0, 245.0) (250.0, 240.0)
(250.0, 240.0) (255.0, 240.0)
(255.0, 240.0) (255.0, 235.0)
(255.0, 235.0) (260.0, 235.0)
(260.0, 235.0) (260.0, 230.0)
(260.0, 230.0) (255.0, 230.0)
(255.0, 230.0) (255.0, 225.0)
(255.0, 225.0) (260.0, 225.0)
(260.0, 225.0) (260.0, 230.0)
(260.0, 230.0) (265.0, 230.0)
(265.0, 230.0) (265.0, 225.0)
(265.0, 225.0) (270.0, 225.0)
(270.0, 225.0) (270.0, 230.0)
(270.0, 230.0) (265.0, 230.0)
(265.0, 230.0) (265.0, 235.0)
(265.0, 235.0) (270.0, 235.0)
(270.0, 235.0) (270.0, 240.0)
(270.0, 240.0) (265.0, 240.0)
(265.0, 240.0) (265.0, 235.0)
(265.0, 235.0) (260.0, 235.0)
(260.0, 235.0) (260.0, 240.0)
(260.0, 240.0) (255.0, 240.0)
(255.0, 240.0) (255.0, 245.0)
(255.0, 245.0) (250.0, 245.0)
(250.0, 245.0) (250.0, 250.0)
(250.0, 250.0) (255.0, 250.0)
(255.0, 250.0) (255.0, 255.0)
(255.0, 255.0) (260.0, 255.0)
(260.0, 255.0) (260.0, 260.0)
(260.0, 260.0) (265.0, 260.0)
(265.0, 260.0) (265.0, 255.0)
(265.0, 255.0) (270.0, 255.0)
(270.0, 255.0) (270.0, 260.0)
(270.0, 260.0) (265.0, 260.0)
(265.0, 260.0) (265.0, 265.0)
(265.0, 265.0) (270.0, 265.0)
(270.0, 265.0) (270.0, 270.0)
(270.0, 270.0) (275.0, 270.0)
(275.0, 270.0) (275.0, 275.0)
(275.0, 275.0) (280.0, 275.0)
(280.0, 275.0) (280.0, 270.0)
(280.0, 270.0) (285.0, 270.0)
(285.0, 270.0) (285.0, 275.0)
(285.0, 275.0) (280.0, 275.0)
(280.0, 275.0) (280.0, 280.0)
(280.0, 280.0) (285.0, 280.0)
(285.0, 280.0) (285.0, 285.0)
(285.0, 285.0) (290.0, 285.0)
(290.0, 285.0) (290.0, 290.0)
(290.0, 290.0) (295.0, 290.0)
(295.0, 290.0) (295.0, 285.0)
(295.0, 285.0) (300.0, 285.0)
(300.0, 285.0) (300.0, 280.0)
(300.0, 280.0) (305.0, 280.0)
(305.0, 280.0) (305.0, 275.0)
(305.0, 275.0) (300.0, 275.0)
(300.0, 275.0) (300.0, 270.0)
(300.0, 270.0) (305.0, 270.0)
(305.0, 270.0) (305.0, 275.0)
(305.0, 275.0) (310.0, 275.0)
(310.0, 275.0) (310.0, 270.0)
(310.0, 270.0) (315.0, 270.0)
(315.0, 270.0) (315.0, 275.0)
(315.0, 275.0) (310.0, 275.0)
(310.0, 275.0) (310.0, 280.0)
(310.0, 280.0) (315.0, 280.0)
(315.0, 280.0) (315.0, 285.0)
(315.0, 285.0) (310.0, 285.0)
(310.0, 285.0) (310.0, 280.0)
(310.0, 280.0) (305.0, 280.0)
(305.0, 280.0) (305.0, 285.0)
(305.0, 285.0) (300.0, 285.0)
(300.0, 285.0) (300.0, 290.0)
(300.0, 290.0) (295.0, 290.0)
(295.0, 290.0) (295.0, 295.0)
(295.0, 295.0) (300.0, 295.0)
(300.0, 295.0) (300.0, 300.0)
(300.0, 300.0) (305.0, 300.0)
(305.0, 300.0) (305.0, 305.0)
(305.0, 305.0) (310.0, 305.0)
(310.0, 305.0) (310.0, 300.0)
(310.0, 300.0) (315.0, 300.0)
(315.0, 300.0) (315.0, 305.0)
(315.0, 305.0) (310.0, 305.0)
(310.0, 305.0) (310.0, 310.0)
(310.0, 310.0) (315.0, 310.0)
(315.0, 310.0) (315.0, 315.0)
(315.0, 315.0) (320.0, 315.0)
(320.0, 315.0) (320.0, 320.0)
(320.0, 320.0) (325.0, 320.0)
(325.0, 320.0) (325.0, 315.0)
(325.0, 315.0) (330.0, 315.0)
(330.0, 315.0) (330.0, 320.0)
(330.0, 320.0) (325.0, 320.0)
(325.0, 320.0) (325.0, 325.0)
(325.0, 325.0) (330.0, 325.0)
(330.0, 325.0) (330.0, 330.0)
(330.0, 330.0) (335.0, 330.0)
(335.0, 330.0) (335.0, 335.0)
(335.0, 335.0) (340.0, 335.0)
(340.0, 335.0) (340.0, 330.0)
(340.0, 330.0) (345.0, 330.0)
(345.0, 330.0) (345.0, 325.0)
(345.0, 325.0) (350.0, 325.0)
(350.0, 325.0) (350.0, 320.0)
(350.0, 320.0) (345.0, 320.0)
(345.0, 320.0) (345.0, 315.0)
(345.0, 315.0) (350.0, 315.0)
(350.0, 315.0) (350.0, 320.0)
(350.0, 320.0) (355.0, 320.0)
(355.0, 320.0) (355.0, 315.0)
(355.0, 315.0) (360.0, 315.0)
(360.0, 315.0) (360.0, 310.0)
(360.0, 310.0) (365.0, 310.0)
(365.0, 310.0) (365.0, 305.0)
(365.0, 305.0) (360.0, 305.0)
(360.0, 305.0) (360.0, 300.0)
(360.0, 300.0) (365.0, 300.0)
(365.0, 300.0) (365.0, 305.0)
(365.0, 305.0) (370.0, 305.0)
(370.0, 305.0) (370.0, 300.0)
(370.0, 300.0) (375.0, 300.0)
(375.0, 300.0) (375.0, 295.0)
(375.0, 295.0) (380.0, 295.0)
(380.0, 295.0) (380.0, 290.0)
(380.0, 290.0) (375.0, 290.0)
(375.0, 290.0) (375.0, 285.0)
(375.0, 285.0) (370.0, 285.0)
(370.0, 285.0) (370.0, 280.0)
(370.0, 280.0) (365.0, 280.0)
(365.0, 280.0) (365.0, 285.0)
(365.0, 285.0) (360.0, 285.0)
(360.0, 285.0) (360.0, 280.0)
(360.0, 280.0) (365.0, 280.0)
(365.0, 280.0) (365.0, 275.0)
(365.0, 275.0) (360.0, 275.0)
(360.0, 275.0) (360.0, 270.0)
(360.0, 270.0) (365.0, 270.0)
(365.0, 270.0) (365.0, 275.0)
(365.0, 275.0) (370.0, 275.0)
(370.0, 275.0) (370.0, 270.0)
(370.0, 270.0) (375.0, 270.0)
(375.0, 270.0) (375.0, 275.0)
(375.0, 275.0) (370.0, 275.0)
(370.0, 275.0) (370.0, 280.0)
(370.0, 280.0) (375.0, 280.0)
(375.0, 280.0) (375.0, 285.0)
(375.0, 285.0) (380.0, 285.0)
(380.0, 285.0) (380.0, 290.0)
(380.0, 290.0) (385.0, 290.0)
(385.0, 290.0) (385.0, 285.0)
(385.0, 285.0) (390.0, 285.0)
(390.0, 285.0) (390.0, 280.0)
(390.0, 280.0) (395.0, 280.0)
(395.0, 280.0) (395.0, 275.0)
(395.0, 275.0) (390.0, 275.0)
(390.0, 275.0) (390.0, 270.0)
(390.0, 270.0) (395.0, 270.0)
(395.0, 270.0) (395.0, 275.0)
(395.0, 275.0) (400.0, 275.0)
(400.0, 275.0) (400.0, 270.0)
(400.0, 270.0) (405.0, 270.0)
(405.0, 270.0) (405.0, 275.0)
(405.0, 275.0) (400.0, 275.0)
(400.0, 275.0) (400.0, 280.0)
(400.0, 280.0) (405.0, 280.0)
(405.0, 280.0) (405.0, 285.0)
(405.0, 285.0) (400.0, 285.0)
(400.0, 285.0) (400.0, 280.0)
(400.0, 280.0) (395.0, 280.0)
(395.0, 280.0) (395.0, 285.0)
(395.0, 285.0) (390.0, 285.0)
(390.0, 285.0) (390.0, 290.0)
(390.0, 290.0) (385.0, 290.0)
(385.0, 290.0) (385.0, 295.0)
(385.0, 295.0) (390.0, 295.0)
(390.0, 295.0) (390.0, 300.0)
(390.0, 300.0) (395.0, 300.0)
(395.0, 300.0) (395.0, 305.0)
(395.0, 305.0) (400.0, 305.0)
(400.0, 305.0) (400.0, 300.0)
(400.0, 300.0) (405.0, 300.0)
(405.0, 300.0) (405.0, 305.0)
(405.0, 305.0) (400.0, 305.0)
(400.0, 305.0) (400.0, 310.0)
(400.0, 310.0) (405.0, 310.0)
(405.0, 310.0) (405.0, 315.0)
(405.0, 315.0) (400.0, 315.0)
(400.0, 315.0) (400.0, 310.0)
(400.0, 310.0) (395.0, 310.0)
(395.0, 310.0) (395.0, 315.0)
(395.0, 315.0) (390.0, 315.0)
(390.0, 315.0) (390.0, 310.0)
(390.0, 310.0) (395.0, 310.0)
(395.0, 310.0) (395.0, 305.0)
(395.0, 305.0) (390.0, 305.0)
(390.0, 305.0) (390.0, 300.0)
(390.0, 300.0) (385.0, 300.0)
(385.0, 300.0) (385.0, 295.0)
(385.0, 295.0) (380.0, 295.0)
(380.0, 295.0) (380.0, 300.0)
(380.0, 300.0) (375.0, 300.0)
(375.0, 300.0) (375.0, 305.0)
(375.0, 305.0) (370.0, 305.0)
(370.0, 305.0) (370.0, 310.0)
(370.0, 310.0) (375.0, 310.0)
(375.0, 310.0) (375.0, 315.0)
(375.0, 315.0) (370.0, 315.0)
(370.0, 315.0) (370.0, 310.0)
(370.0, 310.0) (365.0, 310.0)
(365.0, 310.0) (365.0, 315.0)
(365.0, 315.0) (360.0, 315.0)
(360.0, 315.0) (360.0, 320.0)
(360.0, 320.0) (355.0, 320.0)
(355.0, 320.0) (355.0, 325.0)
(355.0, 325.0) (360.0, 325.0)
(360.0, 325.0) (360.0, 330.0)
(360.0, 330.0) (355.0, 330.0)
(355.0, 330.0) (355.0, 325.0)
(355.0, 325.0) (350.0, 325.0)
(350.0, 325.0) (350.0, 330.0)
(350.0, 330.0) (345.0, 330.0)
(345.0, 330.0) (345.0, 335.0)
(345.0, 335.0) (340.0, 335.0)
(340.0, 335.0) (340.0, 340.0)
(340.0, 340.0) (345.0, 340.0)
(345.0, 340.0) (345.0, 345.0)
(345.0, 345.0) (350.0, 345.0)
(350.0, 345.0) (350.0, 350.0)
(350.0, 350.0) (355.0, 350.0)
(355.0, 350.0) (355.0, 345.0)
(355.0, 345.0) (360.0, 345.0)
(360.0, 345.0) (360.0, 350.0)
(360.0, 350.0) (355.0, 350.0)
(355.0, 350.0) (355.0, 355.0)
(355.0, 355.0) (360.0, 355.0)
(360.0, 355.0) (360.0, 360.0)
(360.0, 360.0) (365.0, 360.0)
(365.0, 360.0) (365.0, 365.0)
(365.0, 365.0) (370.0, 365.0)
(370.0, 365.0) (370.0, 360.0)
(370.0, 360.0) (375.0, 360.0)
(375.0, 360.0) (375.0, 365.0)
(375.0, 365.0) (370.0, 365.0)
(370.0, 365.0) (370.0, 370.0)
(370.0, 370.0) (375.0, 370.0)
(375.0, 370.0) (375.0, 375.0)
(375.0, 375.0) (380.0, 375.0)
(380.0, 375.0) (380.0, 380.0)
(380.0, 380.0) (385.0, 380.0)
(385.0, 380.0) (385.0, 375.0)
(385.0, 375.0) (390.0, 375.0)
(390.0, 375.0) (390.0, 370.0)
(390.0, 370.0) (395.0, 370.0)
(395.0, 370.0) (395.0, 365.0)
(395.0, 365.0) (390.0, 365.0)
(390.0, 365.0) (390.0, 360.0)
(390.0, 360.0) (395.0, 360.0)
(395.0, 360.0) (395.0, 365.0)
(395.0, 365.0) (400.0, 365.0)
(400.0, 365.0) (400.0, 360.0)
(400.0, 360.0) (405.0, 360.0)
(405.0, 360.0) (405.0, 365.0)
(405.0, 365.0) (400.0, 365.0)
(400.0, 365.0) (400.0, 370.0)
(400.0, 370.0) (405.0, 370.0)
(405.0, 370.0) (405.0, 375.0)
(405.0, 375.0) (400.0, 375.0)
(400.0, 375.0) (400.0, 370.0)
(400.0, 370.0) (395.0, 370.0)
(395.0, 370.0) (395.0, 375.0)
(395.0, 375.0) (390.0, 375.0)
(390.0, 375.0) (390.0, 380.0)
(390.0, 380.0) (385.0, 380.0)
(385.0, 380.0) (385.0, 385.0)
(385.0, 385.0) (390.0, 385.0)
(390.0, 385.0) (390.0, 390.0)
(390.0, 390.0) (395.0, 390.0)
(395.0, 390.0) (395.0, 395.0)
(395.0, 395.0) (400.0, 395.0)
(400.0, 395.0) (400.0, 390.0)
(400.0, 390.0) (405.0, 390.0)
(405.0, 390.0) (405.0, 395.0)
(405.0, 395.0) (400.0, 395.0)
(400.0, 395.0) (400.0, 400.0)
(400.0, 400.0) (405.0, 400.0)
(405.0, 400.0) (405.0, 405.0)
(405.0, 405.0) (410.0, 405.0)
(410.0, 405.0) (410.0, 410.0)
(410.0, 410.0) (415.0, 410.0)
(415.0, 410.0) (415.0, 405.0)
(415.0, 405.0) (420.0, 405.0)
(420.0, 405.0) (420.0, 410.0)
(420.0, 410.0) (415.0, 410.0)
(415.0, 410.0) (415.0, 415.0)
(415.0, 415.0) (420.0, 415.0)
(420.0, 415.0) (420.0, 420.0)
(420.0, 420.0) (425.0, 420.0)
(425.0, 420.0) (425.0, 425.0)
(425.0, 425.0) (430.0, 425.0)
(430.0, 425.0) (430.0, 420.0)
(430.0, 420.0) (435.0, 420.0)
(435.0, 420.0) (435.0, 415.0)
(435.0, 415.0) (440.0, 415.0)
(440.0, 415.0) (440.0, 410.0)
(440.0, 410.0) (435.0, 410.0)
(435.0, 410.0) (435.0, 405.0)
(435.0, 405.0) (440.0, 405.0)
(440.0, 405.0) (440.0, 410.0)
(440.0, 410.0) (445.0, 410.0)
(445.0, 410.0) (445.0, 405.0)
(445.0, 405.0) (450.0, 405.0)
(450.0, 405.0) (450.0, 410.0)
(450.0, 410.0) (445.0, 410.0)
(445.0, 410.0) (445.0, 415.0)
(445.0, 415.0) (450.0, 415.0)
(450.0, 415.0) (450.0, 420.0)
(450.0, 420.0) (445.0, 420.0)
(445.0, 420.0) (445.0, 415.0)
(445.0, 415.0) (440.0, 415.0)
(440.0, 415.0) (440.0, 420.0)
(440.0, 420.0) (435.0, 420.0)
(435.0, 420.0) (435.0, 425.0)
(435.0, 425.0) (430.0, 425.0)
(430.0, 425.0) (430.0, 430.0)
(430.0, 430.0) (435.0, 430.0)
(435.0, 430.0) (435.0, 435.0)
(435.0, 435.0) (440.0, 435.0)
(440.0, 435.0) (440.0, 440.0)
(440.0, 440.0) (445.0, 440.0)
(445.0, 440.0) (445.0, 435.0)
(445.0, 435.0) (450.0, 435.0)
(450.0, 435.0) (450.0, 440.0)
(450.0, 440.0) (445.0, 440.0)
(445.0, 440.0) (445.0, 445.0)
(445.0, 445.0) (450.0, 445.0)
(450.0, 445.0) (450.0, 450.0)
(450.0, 450.0) (455.0, 450.0)
(455.0, 450.0) (455.0, 455.0)
(455.0, 455.0) (460.0, 455.0)
(460.0, 455.0) (460.0, 450.0)
(460.0, 450.0) (465.0, 450.0)
(465.0, 450.0) (465.0, 455.0)
(465.0, 455.0) (460.0, 455.0)
(460.0, 455.0) (460.0, 460.0)
(460.0, 460.0) (465.0, 460.0)
(465.0, 460.0) (465.0, 465.0)
(465.0, 465.0) (470.0, 465.0)
(470.0, 465.0) (470.0, 470.0)
(470.0, 470.0) (475.0, 470.0)
(475.0, 470.0) (475.0, 465.0)
(475.0, 465.0) (480.0, 465.0)
(480.0, 465.0) (480.0, 460.0)
(480.0, 460.0) (485.0, 460.0)
(485.0, 460.0) (485.0, 455.0)
(485.0, 455.0) (480.0, 455.0)
(480.0, 455.0) (480.0, 450.0)
(480.0, 450.0) (485.0, 450.0)
(485.0, 450.0) (485.0, 455.0)
(485.0, 455.0) (490.0, 455.0)
(490.0, 455.0) (490.0, 450.0)
(490.0, 450.0) (495.0, 450.0)
(495.0, 450.0) (495.0, 445.0)
(495.0, 445.0) (500.0, 445.0)
(500.0, 445.0) (500.0, 440.0)
(500.0, 440.0) (495.0, 440.0)
(495.0, 440.0) (495.0, 435.0)
(495.0, 435.0) (500.0, 435.0)
(500.0, 435.0) (500.0, 440.0)
(500.0, 440.0) (505.0, 440.0)
(505.0, 440.0) (505.0, 435.0)
(505.0, 435.0) (510.0, 435.0)
(510.0, 435.0) (510.0, 430.0)
(510.0, 430.0) (515.0, 430.0)
(515.0, 430.0) (515.0, 425.0)
(515.0, 425.0) (510.0, 425.0)
(510.0, 425.0) (510.0, 420.0)
(510.0, 420.0) (505.0, 420.0)
(505.0, 420.0) (505.0, 415.0)
(505.0, 415.0) (500.0, 415.0)
(500.0, 415.0) (500.0, 420.0)
(500.0, 420.0) (495.0, 420.0)
(495.0, 420.0) (495.0, 415.0)
(495.0, 415.0) (500.0, 415.0)
(500.0, 415.0) (500.0, 410.0)
(500.0, 410.0) (495.0, 410.0)
(495.0, 410.0) (495.0, 405.0)
(495.0, 405.0) (500.0, 405.0)
(500.0, 405.0) (500.0, 410.0)
(500.0, 410.0) (505.0, 410.0)
(505.0, 410.0) (505.0, 405.0)
(505.0, 405.0) (510.0, 405.0)
(510.0, 405.0) (510.0, 410.0)
(510.0, 410.0) (505.0, 410.0)
(505.0, 410.0) (505.0, 415.0)
(505.0, 415.0) (510.0, 415.0)
(510.0, 415.0) (510.0, 420.0)
(510.0, 420.0) (515.0, 420.0)
(515.0, 420.0) (515.0, 425.0)
(515.0, 425.0) (520.0, 425.0)
(520.0, 425.0) (520.0, 420.0)
(520.0, 420.0) (525.0, 420.0)
(525.0, 420.0) (525.0, 415.0)
(525.0, 415.0) (530.0, 415.0)
(530.0, 415.0) (530.0, 410.0)
(530.0, 410.0) (525.0, 410.0)
(525.0, 410.0) (525.0, 405.0)
(525.0, 405.0) (530.0, 405.0)
(530.0, 405.0) (530.0, 410.0)
(530.0, 410.0) (535.0, 410.0)
(535.0, 410.0) (535.0, 405.0)
(535.0, 405.0) (540.0, 405.0)
(540.0, 405.0) (540.0, 410.0)
(540.0, 410.0) (535.0, 410.0)
(535.0, 410.0) (535.0, 415.0)
(535.0, 415.0) (540.0, 415.0)
(540.0, 415.0) (540.0, 420.0)
(540.0, 420.0) (535.0, 420.0)
(535.0, 420.0) (535.0, 415.0)
(535.0, 415.0) (530.0, 415.0)
(530.0, 415.0) (530.0, 420.0)
(530.0, 420.0) (525.0, 420.0)
(525.0, 420.0) (525.0, 425.0)
(525.0, 425.0) (520.0, 425.0)
(520.0, 425.0) (520.0, 430.0)
(520.0, 430.0) (525.0, 430.0)
(525.0, 430.0) (525.0, 435.0)
(525.0, 435.0) (530.0, 435.0)
(530.0, 435.0) (530.0, 440.0)
(530.0, 440.0) (535.0, 440.0)
(535.0, 440.0) (535.0, 435.0)
(535.0, 435.0) (540.0, 435.0)
(540.0, 435.0) (540.0, 440.0)
(540.0, 440.0) (535.0, 440.0)
(535.0, 440.0) (535.0, 445.0)
(535.0, 445.0) (540.0, 445.0)
(540.0, 445.0) (540.0, 450.0)
(540.0, 450.0) (535.0, 450.0)
(535.0, 450.0) (535.0, 445.0)
(535.0, 445.0) (530.0, 445.0)
(530.0, 445.0) (530.0, 450.0)
(530.0, 450.0) (525.0, 450.0)
(525.0, 450.0) (525.0, 445.0)
(525.0, 445.0) (530.0, 445.0)
(530.0, 445.0) (530.0, 440.0)
(530.0, 440.0) (525.0, 440.0)
(525.0, 440.0) (525.0, 435.0)
(525.0, 435.0) (520.0, 435.0)
(520.0, 435.0) (520.0, 430.0)
(520.0, 430.0) (515.0, 430.0)
(515.0, 430.0) (515.0, 435.0)
(515.0, 435.0) (510.0, 435.0)
(510.0, 435.0) (510.0, 440.0)
(510.0, 440.0) (505.0, 440.0)
(505.0, 440.0) (505.0, 445.0)
(505.0, 445.0) (510.0, 445.0)
(510.0, 445.0) (510.0, 450.0)
(510.0, 450.0) (505.0, 450.0)
(505.0, 450.0) (505.0, 445.0)
(505.0, 445.0) (500.0, 445.0)
(500.0, 445.0) (500.0, 450.0)
(500.0, 450.0) (495.0, 450.0)
(495.0, 450.0) (495.0, 455.0)
(495.0, 455.0) (490.0, 455.0)
(490.0, 455.0) (490.0, 460.0)
(490.0, 460.0) (495.0, 460.0)
(495.0, 460.0) (495.0, 465.0)
(495.0, 465.0) (490.0, 465.0)
(490.0, 465.0) (490.0, 460.0)
(490.0, 460.0) (485.0, 460.0)
(485.0, 460.0) (485.0, 465.0)
(485.0, 465.0) (480.0, 465.0)
(480.0, 465.0) (480.0, 470.0)
(480.0, 470.0) (475.0, 470.0)
(475.0, 470.0) (475.0, 475.0)
(475.0, 475.0) (480.0, 475.0)
(480.0, 475.0) (480.0, 480.0)
(480.0, 480.0) (485.0, 480.0)
(485.0, 480.0) (485.0, 485.0)
(485.0, 485.0) (490.0, 485.0)
(490.0, 485.0) (490.0, 480.0)
(490.0, 480.0) (495.0, 480.0)
(495.0, 480.0) (495.0, 485.0)
(495.0, 485.0) (490.0, 485.0)
(490.0, 485.0) (490.0, 490.0)
(490.0, 490.0) (495.0, 490.0)
(495.0, 490.0) (495.0, 495.0)
(495.0, 495.0) (500.0, 495.0)
(500.0, 495.0) (500.0, 500.0)
(500.0, 500.0) (505.0, 500.0)
(505.0, 500.0) (505.0, 495.0)
(505.0, 495.0) (510.0, 495.0)
(510.0, 495.0) (510.0, 500.0)
(510.0, 500.0) (505.0, 500.0)
(505.0, 500.0) (505.0, 505.0)
(505.0, 505.0) (510.0, 505.0)
(510.0, 505.0) (510.0, 510.0)
(510.0, 510.0) (515.0, 510.0)
(515.0, 510.0) (515.0, 515.0)
(515.0, 515.0) (520.0, 515.0)
(520.0, 515.0) (520.0, 510.0)
(520.0, 510.0) (525.0, 510.0)
(525.0, 510.0) (525.0, 505.0)
(525.0, 505.0) (530.0, 505.0)
(530.0, 505.0) (530.0, 500.0)
(530.0, 500.0) (525.0, 500.0)
(525.0, 500.0) (525.0, 495.0)
(525.0, 495.0) (530.0, 495.0)
(530.0, 495.0) (530.0, 500.0)
(530.0, 500.0) (535.0, 500.0)
(535.0, 500.0) (535.0, 495.0)
(535.0, 495.0) (540.0, 495.0)
(540.0, 495.0) (540.0, 500.0)
(540.0, 500.0) (535.0, 500.0)
(535.0, 500.0) (535.0, 505.0)
(535.0, 505.0) (540.0, 505.0)
(540.0, 505.0) (540.0, 510.0)
(540.0, 510.0) (535.0, 510.0)
(535.0, 510.0) (535.0, 505.0)
(535.0, 505.0) (530.0, 505.0)
(530.0, 505.0) (530.0, 510.0)
(530.0, 510.0) (525.0, 510.0)
(525.0, 510.0) (525.0, 515.0)
(525.0, 515.0) (520.0, 515.0)
(520.0, 515.0) (520.0, 520.0)
(520.0, 520.0) (525.0, 520.0)
(525.0, 520.0) (525.0, 525.0)
(525.0, 525.0) (530.0, 525.0)
(530.0, 525.0) (530.0, 530.0)
(530.0, 530.0) (535.0, 530.0)
(535.0, 530.0) (535.0, 525.0)
(535.0, 525.0) (540.0, 525.0)
(540.0, 525.0) (540.0, 530.0)
(540.0, 530.0) (535.0, 530.0)
(535.0, 530.0) (535.0, 535.0)
(535.0, 535.0) (540.0, 535.0)
(540.0, 535.0) (540.0, 540.0)
(540.0, 540.0) (545.0, 540.0)
(545.0, 540.0) (545.0, 545.0)
(545.0, 545.0) (550.0, 545.0)
(550.0, 545.0) (550.0, 540.0)
(550.0, 540.0) (555.0, 540.0)
(555.0, 540.0) (555.0, 545.0)
(555.0, 545.0) (550.0, 545.0)
(550.0, 545.0) (550.0, 550.0)
(550.0, 550.0) (555.0, 550.0)
(555.0, 550.0) (555.0, 555.0)
(555.0, 555.0) (560.0, 555.0)
(560.0, 555.0) (560.0, 560.0)
(560.0, 560.0) (565.0, 560.0)
(565.0, 560.0) (565.0, 555.0)
(565.0, 555.0) (570.0, 555.0)
(570.0, 555.0) (570.0, 550.0)
(570.0, 550.0) (575.0, 550.0)
(575.0, 550.0) (575.0, 545.0)
(575.0, 545.0) (570.0, 545.0)
(570.0, 545.0) (570.0, 540.0)
(570.0, 540.0) (575.0, 540.0)
(575.0, 540.0) (575.0, 545.0)
(575.0, 545.0) (580.0, 545.0)
(580.0, 545.0) (580.0, 540.0)
(580.0, 540.0) (585.0, 540.0)
(585.0, 540.0) (585.0, 545.0)
(585.0, 545.0) (580.0, 545.0)
(580.0, 545.0) (580.0, 550.0)
(580.0, 550.0) (585.0, 550.0)
(585.0, 550.0) (585.0, 555.0)
(585.0, 555.0) (580.0, 555.0)
(580.0, 555.0) (580.0, 550.0)
(580.0, 550.0) (575.0, 550.0)
(575.0, 550.0) (575.0, 555.0)
(575.0, 555.0) (570.0, 555.0)
(570.0, 555.0) (570.0, 560.0)
(570.0, 560.0) (565.0, 560.0)
(565.0, 560.0) (565.0, 565.0)
(565.0, 565.0) (570.0, 565.0)
(570.0, 565.0) (570.0, 570.0)
(570.0, 570.0) (575.0, 570.0)
(575.0, 570.0) (575.0, 575.0)
(575.0, 575.0) (580.0, 575.0)
(580.0, 575.0) (580.0, 570.0)
(580.0, 570.0) (585.0, 570.0)
(585.0, 570.0) (585.0, 575.0)
(585.0, 575.0) (580.0, 575.0)
(580.0, 575.0) (580.0, 580.0)
(580.0, 580.0) (585.0, 580.0)
(585.0, 580.0) (585.0, 585.0)
(585.0, 585.0) (590.0, 585.0)
(590.0, 585.0) (590.0, 590.0)
(590.0, 590.0) (595.0, 590.0)
(595.0, 590.0) (595.0, 585.0)
(595.0, 585.0) (600.0, 585.0)
(600.0, 585.0) (600.0, 590.0)
(600.0, 590.0) (595.0, 590.0)
(595.0, 590.0) (595.0, 595.0)
(595.0, 595.0) (600.0, 595.0)
(600.0, 595.0) (600.0, 600.0)
(600.0, 600.0) (605.0, 600.0)
(605.0, 600.0) (605.0, 605.0)
(605.0, 605.0) (610.0, 605.0)
(610.0, 605.0) (610.0, 600.0)
(610.0, 600.0) (615.0, 600.0)
(615.0, 600.0) (615.0, 595.0)
(615.0, 595.0) (620.0, 595.0)
(620.0, 595.0) (620.0, 590.0)
(620.0, 590.0) (615.0, 590.0)
(615.0, 590.0) (615.0, 585.0)
(615.0, 585.0) (620.0, 585.0)
(620.0, 585.0) (620.0, 590.0)
(620.0, 590.0) (625.0, 590.0)
(625.0, 590.0) (625.0, 585.0)
(625.0, 585.0) (630.0, 585.0)
(630.0, 585.0) (630.0, 580.0)
(630.0, 580.0) (635.0, 580.0)
(635.0, 580.0) (635.0, 575.0)
(635.0, 575.0) (630.0, 575.0)
(630.0, 575.0) (630.0, 570.0)
(630.0, 570.0) (635.0, 570.0)
(635.0, 570.0) (635.0, 575.0)
(635.0, 575.0) (640.0, 575.0)
(640.0, 575.0) (640.0, 570.0)
(640.0, 570.0) (645.0, 570.0)
(645.0, 570.0) (645.0, 565.0)
(645.0, 565.0) (650.0, 565.0)
(650.0, 565.0) (650.0, 560.0)
(650.0, 560.0) (645.0, 560.0)
(645.0, 560.0) (645.0, 555.0)
(645.0, 555.0) (640.0, 555.0)
(640.0, 555.0) (640.0, 550.0)
(640.0, 550.0) (635.0, 550.0)
(635.0, 550.0) (635.0, 555.0)
(635.0, 555.0) (630.0, 555.0)
(630.0, 555.0) (630.0, 550.0)
(630.0, 550.0) (635.0, 550.0)
(635.0, 550.0) (635.0, 545.0)
(635.0, 545.0) (630.0, 545.0)
(630.0, 545.0) (630.0, 540.0)
(630.0, 540.0) (635.0, 540.0)
(635.0, 540.0) (635.0, 545.0)
(635.0, 545.0) (640.0, 545.0)
(640.0, 545.0) (640.0, 540.0)
(640.0, 540.0) (645.0, 540.0)
(645.0, 540.0) (645.0, 545.0)
(645.0, 545.0) (640.0, 545.0)
(640.0, 545.0) (640.0, 550.0)
(640.0, 550.0) (645.0, 550.0)
(645.0, 550.0) (645.0, 555.0)
(645.0, 555.0) (650.0, 555.0)
(650.0, 555.0) (650.0, 560.0)
(650.0, 560.0) (655.0, 560.0)
(655.0, 560.0) (655.0, 555.0)
(655.0, 555.0) (660.0, 555.0)
(660.0, 555.0) (660.0, 550.0)
(660.0, 550.0) (665.0, 550.0)
(665.0, 550.0) (665.0, 545.0)
(665.0, 545.0) (660.0, 545.0)
(660.0, 545.0) (660.0, 540.0)
(660.0, 540.0) (665.0, 540.0)
(665.0, 540.0) (665.0, 545.0)
(665.0, 545.0) (670.0, 545.0)
(670.0, 545.0) (670.0, 540.0)
(670.0, 540.0) (675.0, 540.0)
(675.0, 540.0) (675.0, 535.0)
(675.0, 535.0) (680.0, 535.0)
(680.0, 535.0) (680.0, 530.0)
(680.0, 530.0) (675.0, 530.0)
(675.0, 530.0) (675.0, 525.0)
(675.0, 525.0) (680.0, 525.0)
(680.0, 525.0) (680.0, 530.0)
(680.0, 530.0) (685.0, 530.0)
(685.0, 530.0) (685.0, 525.0)
(685.0, 525.0) (690.0, 525.0)
(690.0, 525.0) (690.0, 520.0)
(690.0, 520.0) (695.0, 520.0)
(695.0, 520.0) (695.0, 515.0)
(695.0, 515.0) (690.0, 515.0)
(690.0, 515.0) (690.0, 510.0)
(690.0, 510.0) (685.0, 510.0)
(685.0, 510.0) (685.0, 505.0)
(685.0, 505.0) (680.0, 505.0)
(680.0, 505.0) (680.0, 510.0)
(680.0, 510.0) (675.0, 510.0)
(675.0, 510.0) (675.0, 505.0)
(675.0, 505.0) (680.0, 505.0)
(680.0, 505.0) (680.0, 500.0)
(680.0, 500.0) (675.0, 500.0)
(675.0, 500.0) (675.0, 495.0)
(675.0, 495.0) (680.0, 495.0)
(680.0, 495.0) (680.0, 500.0)
(680.0, 500.0) (685.0, 500.0)
(685.0, 500.0) (685.0, 495.0)
(685.0, 495.0) (690.0, 495.0)
(690.0, 495.0) (690.0, 500.0)
(690.0, 500.0) (685.0, 500.0)
(685.0, 500.0) (685.0, 505.0)
(685.0, 505.0) (690.0, 505.0)
(690.0, 505.0) (690.0, 510.0)
(690.0, 510.0) (695.0, 510.0)
(695.0, 510.0) (695.0, 515.0)
(695.0, 515.0) (700.0, 515.0)
(700.0, 515.0) (700.0, 510.0)
(700.0, 510.0) (705.0, 510.0)
(705.0, 510.0) (705.0, 505.0)
(705.0, 505.0) (710.0, 505.0)
(710.0, 505.0) (710.0, 500.0)
(710.0, 500.0) (705.0, 500.0)
(705.0, 500.0) (705.0, 495.0)
(705.0, 495.0) (710.0, 495.0)
(710.0, 495.0) (710.0, 500.0)
(710.0, 500.0) (715.0, 500.0)
(715.0, 500.0) (715.0, 495.0)
(715.0, 495.0) (720.0, 495.0)
(720.0, 495.0) (720.0, 490.0)
(720.0, 490.0) (725.0, 490.0)
(725.0, 490.0) (725.0, 485.0)
(725.0, 485.0) (720.0, 485.0)
(720.0, 485.0) (720.0, 480.0)
(720.0, 480.0) (725.0, 480.0)
(725.0, 480.0) (725.0, 485.0)
(725.0, 485.0) (730.0, 485.0)
(730.0, 485.0) (730.0, 480.0)
(730.0, 480.0) (735.0, 480.0)
(735.0, 480.0) (735.0, 475.0)
(735.0, 475.0) (740.0, 475.0)
(740.0, 475.0) (740.0, 470.0)
(740.0, 470.0) (735.0, 470.0)
(735.0, 470.0) (735.0, 465.0)
(735.0, 465.0) (730.0, 465.0)
(730.0, 465.0) (730.0, 460.0)
(730.0, 460.0) (725.0, 460.0)
(725.0, 460.0) (725.0, 465.0)
(725.0, 465.0) (720.0, 465.0)
(720.0, 465.0) (720.0, 460.0)
(720.0, 460.0) (725.0, 460.0)
(725.0, 460.0) (725.0, 455.0)
(725.0, 455.0) (720.0, 455.0)
(720.0, 455.0) (720.0, 450.0)
(720.0, 450.0) (715.0, 450.0)
(715.0, 450.0) (715.0, 445.0)
(715.0, 445.0) (710.0, 445.0)
(710.0, 445.0) (710.0, 450.0)
(710.0, 450.0) (705.0, 450.0)
(705.0, 450.0) (705.0, 445.0)
(705.0, 445.0) (710.0, 445.0)
(710.0, 445.0) (710.0, 440.0)
(710.0, 440.0) (705.0, 440.0)
(705.0, 440.0) (705.0, 435.0)
(705.0, 435.0) (700.0, 435.0)
(700.0, 435.0) (700.0, 430.0)
(700.0, 430.0) (695.0, 430.0)
(695.0, 430.0) (695.0, 435.0)
(695.0, 435.0) (690.0, 435.0)
(690.0, 435.0) (690.0, 440.0)
(690.0, 440.0) (685.0, 440.0)
(685.0, 440.0) (685.0, 445.0)
(685.0, 445.0) (690.0, 445.0)
(690.0, 445.0) (690.0, 450.0)
(690.0, 450.0) (685.0, 450.0)
(685.0, 450.0) (685.0, 445.0)
(685.0, 445.0) (680.0, 445.0)
(680.0, 445.0) (680.0, 450.0)
(680.0, 450.0) (675.0, 450.0)
(675.0, 450.0) (675.0, 445.0)
(675.0, 445.0) (680.0, 445.0)
(680.0, 445.0) (680.0, 440.0)
(680.0, 440.0) (675.0, 440.0)
(675.0, 440.0) (675.0, 435.0)
(675.0, 435.0) (680.0, 435.0)
(680.0, 435.0) (680.0, 440.0)
(680.0, 440.0) (685.0, 440.0)
(685.0, 440.0) (685.0, 435.0)
(685.0, 435.0) (690.0, 435.0)
(690.0, 435.0) (690.0, 430.0)
(690.0, 430.0) (695.0, 430.0)
(695.0, 430.0) (695.0, 425.0)
(695.0, 425.0) (690.0, 425.0)
(690.0, 425.0) (690.0, 420.0)
(690.0, 420.0) (685.0, 420.0)
(685.0, 420.0) (685.0, 415.0)
(685.0, 415.0) (680.0, 415.0)
(680.0, 415.0) (680.0, 420.0)
(680.0, 420.0) (675.0, 420.0)
(675.0, 420.0) (675.0, 415.0)
(675.0, 415.0) (680.0, 415.0)
(680.0, 415.0) (680.0, 410.0)
(680.0, 410.0) (675.0, 410.0)
(675.0, 410.0) (675.0, 405.0)
(675.0, 405.0) (680.0, 405.0)
(680.0, 405.0) (680.0, 410.0)
(680.0, 410.0) (685.0, 410.0)
(685.0, 410.0) (685.0, 405.0)
(685.0, 405.0) (690.0, 405.0)
(690.0, 405.0) (690.0, 410.0)
(690.0, 410.0) (685.0, 410.0)
(685.0, 410.0) (685.0, 415.0)
(685.0, 415.0) (690.0, 415.0)
(690.0, 415.0) (690.0, 420.0)
(690.0, 420.0) (695.0, 420.0)
(695.0, 420.0) (695.0, 425.0)
(695.0, 425.0) (700.0, 425.0)
(700.0, 425.0) (700.0, 420.0)
(700.0, 420.0) (705.0, 420.0)
(705.0, 420.0) (705.0, 415.0)
(705.0, 415.0) (710.0, 415.0)
(710.0, 415.0) (710.0, 410.0)
(710.0, 410.0) (705.0, 410.0)
(705.0, 410.0) (705.0, 405.0)
(705.0, 405.0) (710.0, 405.0)
(710.0, 405.0) (710.0, 410.0)
(710.0, 410.0) (715.0, 410.0)
(715.0, 410.0) (715.0, 405.0)
(715.0, 405.0) (720.0, 405.0)
(720.0, 405.0) (720.0, 410.0)
(720.0, 410.0) (715.0, 410.0)
(715.0, 410.0) (715.0, 415.0)
(715.0, 415.0) (720.0, 415.0)
(720.0, 415.0) (720.0, 420.0)
(720.0, 420.0) (715.0, 420.0)
(715.0, 420.0) (715.0, 415.0)
(715.0, 415.0) (710.0, 415.0)
(710.0, 415.0) (710.0, 420.0)
(710.0, 420.0) (705.0, 420.0)
(705.0, 420.0) (705.0, 425.0)
(705.0, 425.0) (700.0, 425.0)
(700.0, 425.0) (700.0, 430.0)
(700.0, 430.0) (705.0, 430.0)
(705.0, 430.0) (705.0, 435.0)
(705.0, 435.0) (710.0, 435.0)
(710.0, 435.0) (710.0, 440.0)
(710.0, 440.0) (715.0, 440.0)
(715.0, 440.0) (715.0, 435.0)
(715.0, 435.0) (720.0, 435.0)
(720.0, 435.0) (720.0, 440.0)
(720.0, 440.0) (715.0, 440.0)
(715.0, 440.0) (715.0, 445.0)
(715.0, 445.0) (720.0, 445.0)
(720.0, 445.0) (720.0, 450.0)
(720.0, 450.0) (725.0, 450.0)
(725.0, 450.0) (725.0, 455.0)
(725.0, 455.0) (730.0, 455.0)
(730.0, 455.0) (730.0, 450.0)
(730.0, 450.0) (735.0, 450.0)
(735.0, 450.0) (735.0, 455.0)
(735.0, 455.0) (730.0, 455.0)
(730.0, 455.0) (730.0, 460.0)
(730.0, 460.0) (735.0, 460.0)
(735.0, 460.0) (735.0, 465.0)
(735.0, 465.0) (740.0, 465.0)
(740.0, 465.0) (740.0, 470.0)
(740.0, 470.0) (745.0, 470.0)
(745.0, 470.0) (745.0, 465.0)
(745.0, 465.0) (750.0, 465.0)
(750.0, 465.0) (750.0, 460.0)
(750.0, 460.0) (755.0, 460.0)
(755.0, 460.0) (755.0, 455.0)
(755.0, 455.0) (750.0, 455.0)
(750.0, 455.0) (750.0, 450.0)
(750.0, 450.0) (755.0, 450.0)
(755.0, 450.0) (755.0, 455.0)
(755.0, 455.0) (760.0, 455.0)
(760.0, 455.0) (760.0, 450.0)
(760.0, 450.0) (765.0, 450.0)
(765.0, 450.0) (765.0, 445.0)
(765.0, 445.0) (770.0, 445.0)
(770.0, 445.0) (770.0, 440.0)
(770.0, 440.0) (765.0, 440.0)
(765.0, 440.0) (765.0, 435.0)
(765.0, 435.0) (770.0, 435.0)
(770.0, 435.0) (770.0, 440.0)
(770.0, 440.0) (775.0, 440.0)
(775.0, 440.0) (775.0, 435.0)
(775.0, 435.0) (780.0, 435.0)
(780.0, 435.0) (780.0, 430.0)
(780.0, 430.0) (785.0, 430.0)
(785.0, 430.0) (785.0, 425.0)
(785.0, 425.0) (780.0, 425.0)
(780.0, 425.0) (780.0, 420.0)
(780.0, 420.0) (775.0, 420.0)
(775.0, 420.0) (775.0, 415.0)
(775.0, 415.0) (770.0, 415.0)
(770.0, 415.0) (770.0, 420.0)
(770.0, 420.0) (765.0, 420.0)
(765.0, 420.0) (765.0, 415.0)
(765.0, 415.0) (770.0, 415.0)
(770.0, 415.0) (770.0, 410.0)
(770.0, 410.0) (765.0, 410.0)
(765.0, 410.0) (765.0, 405.0)
(765.0, 405.0) (770.0, 405.0)
(770.0, 405.0) (770.0, 410.0)
(770.0, 410.0) (775.0, 410.0)
(775.0, 410.0) (775.0, 405.0)
(775.0, 405.0) (780.0, 405.0)
(780.0, 405.0) (780.0, 410.0)
(780.0, 410.0) (775.0, 410.0)
(775.0, 410.0) (775.0, 415.0)
(775.0, 415.0) (780.0, 415.0)
(780.0, 415.0) (780.0, 420.0)
(780.0, 420.0) (785.0, 420.0)
(785.0, 420.0) (785.0, 425.0)
(785.0, 425.0) (790.0, 425.0)
(790.0, 425.0) (790.0, 420.0)
(790.0, 420.0) (795.0, 420.0)
(795.0, 420.0) (795.0, 415.0)
(795.0, 415.0) (800.0, 415.0)
(800.0, 415.0) (800.0, 410.0)
(800.0, 410.0) (795.0, 410.0)
(795.0, 410.0) (795.0, 405.0)
(795.0, 405.0) (800.0, 405.0)
(800.0, 405.0) (800.0, 410.0)
(800.0, 410.0) (805.0, 410.0)
(805.0, 410.0) (805.0, 405.0)
(805.0, 405.0) (810.0, 405.0)
(810.0, 405.0) (810.0, 400.0)
(810.0, 400.0) (815.0, 400.0)
(815.0, 400.0) (815.0, 395.0)
(815.0, 395.0) (810.0, 395.0)
(810.0, 395.0) (810.0, 390.0)
(810.0, 390.0) (815.0, 390.0)
(815.0, 390.0) (815.0, 395.0)
(815.0, 395.0) (820.0, 395.0)
(820.0, 395.0) (820.0, 390.0)
(820.0, 390.0) (825.0, 390.0)
(825.0, 390.0) (825.0, 385.0)
(825.0, 385.0) (830.0, 385.0)
(830.0, 385.0) (830.0, 380.0)
(830.0, 380.0) (825.0, 380.0)
(825.0, 380.0) (825.0, 375.0)
(825.0, 375.0) (820.0, 375.0)
(820.0, 375.0) (820.0, 370.0)
(820.0, 370.0) (815.0, 370.0)
(815.0, 370.0) (815.0, 375.0)
(815.0, 375.0) (810.0, 375.0)
(810.0, 375.0) (810.0, 370.0)
(810.0, 370.0) (815.0, 370.0)
(815.0, 370.0) (815.0, 365.0)
(815.0, 365.0) (810.0, 365.0)
(810.0, 365.0) (810.0, 360.0)
(810.0, 360.0) (815.0, 360.0)
(815.0, 360.0) (815.0, 365.0)
(815.0, 365.0) (820.0, 365.0)
(820.0, 365.0) (820.0, 360.0)
(820.0, 360.0) (825.0, 360.0)
(825.0, 360.0) (825.0, 365.0)
(825.0, 365.0) (820.0, 365.0)
(820.0, 365.0) (820.0, 370.0)
(820.0, 370.0) (825.0, 370.0)
(825.0, 370.0) (825.0, 375.0)
(825.0, 375.0) (830.0, 375.0)
(830.0, 375.0) (830.0, 380.0)
(830.0, 380.0) (835.0, 380.0)
(835.0, 380.0) (835.0, 375.0)
(835.0, 375.0) (840.0, 375.0)
(840.0, 375.0) (840.0, 370.0)
(840.0, 370.0) (845.0, 370.0)
(845.0, 370.0) (845.0, 365.0)
(845.0, 365.0) (840.0, 365.0)
(840.0, 365.0) (840.0, 360.0)
(840.0, 360.0) (845.0, 360.0)
(845.0, 360.0) (845.0, 365.0)
(845.0, 365.0) (850.0, 365.0)
(850.0, 365.0) (850.0, 360.0)
(850.0, 360.0) (855.0, 360.0)
(855.0, 360.0) (855.0, 355.0)
(855.0, 355.0) (860.0, 355.0)
(860.0, 355.0) (860.0, 350.0)
(860.0, 350.0) (855.0, 350.0)
(855.0, 350.0) (855.0, 345.0)
(855.0, 345.0) (860.0, 345.0)
(860.0, 345.0) (860.0, 350.0)
(860.0, 350.0) (865.0, 350.0)
(865.0, 350.0) (865.0, 345.0)
(865.0, 345.0) (870.0, 345.0)
(870.0, 345.0) (870.0, 340.0)
(870.0, 340.0) (875.0, 340.0)
(875.0, 340.0) (875.0, 335.0)
(875.0, 335.0) (870.0, 335.0)
(870.0, 335.0) (870.0, 330.0)
(870.0, 330.0) (865.0, 330.0)
(865.0, 330.0) (865.0, 325.0)
(865.0, 325.0) (860.0, 325.0)
(860.0, 325.0) (860.0, 330.0)
(860.0, 330.0) (855.0, 330.0)
(855.0, 330.0) (855.0, 325.0)
(855.0, 325.0) (860.0, 325.0)
(860.0, 325.0) (860.0, 320.0)
(860.0, 320.0) (855.0, 320.0)
(855.0, 320.0) (855.0, 315.0)
(855.0, 315.0) (850.0, 315.0)
(850.0, 315.0) (850.0, 310.0)
(850.0, 310.0) (845.0, 310.0)
(845.0, 310.0) (845.0, 315.0)
(845.0, 315.0) (840.0, 315.0)
(840.0, 315.0) (840.0, 310.0)
(840.0, 310.0) (845.0, 310.0)
(845.0, 310.0) (845.0, 305.0)
(845.0, 305.0) (840.0, 305.0)
(840.0, 305.0) (840.0, 300.0)
(840.0, 300.0) (835.0, 300.0)
(835.0, 300.0) (835.0, 295.0)
(835.0, 295.0) (830.0, 295.0)
(830.0, 295.0) (830.0, 300.0)
(830.0, 300.0) (825.0, 300.0)
(825.0, 300.0) (825.0, 305.0)
(825.0, 305.0) (820.0, 305.0)
(820.0, 305.0) (820.0, 310.0)
(820.0, 310.0) (825.0, 310.0)
(825.0, 310.0) (825.0, 315.0)
(825.0, 315.0) (820.0, 315.0)
(820.0, 315.0) (820.0, 310.0)
(820.0, 310.0) (815.0, 310.0)
(815.0, 310.0) (815.0, 315.0)
(815.0, 315.0) (810.0, 315.0)
(810.0, 315.0) (810.0, 310.0)
(810.0, 310.0) (815.0, 310.0)
(815.0, 310.0) (815.0, 305.0)
(815.0, 305.0) (810.0, 305.0)
(810.0, 305.0) (810.0, 300.0)
(810.0, 300.0) (815.0, 300.0)
(815.0, 300.0) (815.0, 305.0)
(815.0, 305.0) (820.0, 305.0)
(820.0, 305.0) (820.0, 300.0)
(820.0, 300.0) (825.0, 300.0)
(825.0, 300.0) (825.0, 295.0)
(825.0, 295.0) (830.0, 295.0)
(830.0, 295.0) (830.0, 290.0)
(830.0, 290.0) (825.0, 290.0)
(825.0, 290.0) (825.0, 285.0)
(825.0, 285.0) (820.0, 285.0)
(820.0, 285.0) (820.0, 280.0)
(820.0, 280.0) (815.0, 280.0)
(815.0, 280.0) (815.0, 285.0)
(815.0, 285.0) (810.0, 285.0)
(810.0, 285.0) (810.0, 280.0)
(810.0, 280.0) (815.0, 280.0)
(815.0, 280.0) (815.0, 275.0)
(815.0, 275.0) (810.0, 275.0)
(810.0, 275.0) (810.0, 270.0)
(810.0, 270.0) (815.0, 270.0)
(815.0, 270.0) (815.0, 275.0)
(815.0, 275.0) (820.0, 275.0)
(820.0, 275.0) (820.0, 270.0)
(820.0, 270.0) (825.0, 270.0)
(825.0, 270.0) (825.0, 275.0)
(825.0, 275.0) (820.0, 275.0)
(820.0, 275.0) (820.0, 280.0)
(820.0, 280.0) (825.0, 280.0)
(825.0, 280.0) (825.0, 285.0)
(825.0, 285.0) (830.0, 285.0)
(830.0, 285.0) (830.0, 290.0)
(830.0, 290.0) (835.0, 290.0)
(835.0, 290.0) (835.0, 285.0)
(835.0, 285.0) (840.0, 285.0)
(840.0, 285.0) (840.0, 280.0)
(840.0, 280.0) (845.0, 280.0)
(845.0, 280.0) (845.0, 275.0)
(845.0, 275.0) (840.0, 275.0)
(840.0, 275.0) (840.0, 270.0)
(840.0, 270.0) (845.0, 270.0)
(845.0, 270.0) (845.0, 275.0)
(845.0, 275.0) (850.0, 275.0)
(850.0, 275.0) (850.0, 270.0)
(850.0, 270.0) (855.0, 270.0)
(855.0, 270.0) (855.0, 275.0)
(855.0, 275.0) (850.0, 275.0)
(850.0, 275.0) (850.0, 280.0)
(850.0, 280.0) (855.0, 280.0)
(855.0, 280.0) (855.0, 285.0)
(855.0, 285.0) (850.0, 285.0)
(850.0, 285.0) (850.0, 280.0)
(850.0, 280.0) (845.0, 280.0)
(845.0, 280.0) (845.0, 285.0)
(845.0, 285.0) (840.0, 285.0)
(840.0, 285.0) (840.0, 290.0)
(840.0, 290.0) (835.0, 290.0)
(835.0, 290.0) (835.0, 295.0)
(835.0, 295.0) (840.0, 295.0)
(840.0, 295.0) (840.0, 300.0)
(840.0, 300.0) (845.0, 300.0)
(845.0, 300.0) (845.0, 305.0)
(845.0, 305.0) (850.0, 305.0)
(850.0, 305.0) (850.0, 300.0)
(850.0, 300.0) (855.0, 300.0)
(855.0, 300.0) (855.0, 305.0)
(855.0, 305.0) (850.0, 305.0)
(850.0, 305.0) (850.0, 310.0)
(850.0, 310.0) (855.0, 310.0)
(855.0, 310.0) (855.0, 315.0)
(855.0, 315.0) (860.0, 315.0)
(860.0, 315.0) (860.0, 320.0)
(860.0, 320.0) (865.0, 320.0)
(865.0, 320.0) (865.0, 315.0)
(865.0, 315.0) (870.0, 315.0)
(870.0, 315.0) (870.0, 320.0)
(870.0, 320.0) (865.0, 320.0)
(865.0, 320.0) (865.0, 325.0)
(865.0, 325.0) (870.0, 325.0)
(870.0, 325.0) (870.0, 330.0)
(870.0, 330.0) (875.0, 330.0)
(875.0, 330.0) (875.0, 335.0)
(875.0, 335.0) (880.0, 335.0)
(880.0, 335.0) (880.0, 330.0)
(880.0, 330.0) (885.0, 330.0)
(885.0, 330.0) (885.0, 325.0)
(885.0, 325.0) (890.0, 325.0)
(890.0, 325.0) (890.0, 320.0)
(890.0, 320.0) (885.0, 320.0)
(885.0, 320.0) (885.0, 315.0)
(885.0, 315.0) (890.0, 315.0)
(890.0, 315.0) (890.0, 320.0)
(890.0, 320.0) (895.0, 320.0)
(895.0, 320.0) (895.0, 315.0)
(895.0, 315.0) (900.0, 315.0)
(900.0, 315.0) (900.0, 310.0)
(900.0, 310.0) (905.0, 310.0)
(905.0, 310.0) (905.0, 305.0)
(905.0, 305.0) (900.0, 305.0)
(900.0, 305.0) (900.0, 300.0)
(900.0, 300.0) (905.0, 300.0)
(905.0, 300.0) (905.0, 305.0)
(905.0, 305.0) (910.0, 305.0)
(910.0, 305.0) (910.0, 300.0)
(910.0, 300.0) (915.0, 300.0)
(915.0, 300.0) (915.0, 295.0)
(915.0, 295.0) (920.0, 295.0)
(920.0, 295.0) (920.0, 290.0)
(920.0, 290.0) (915.0, 290.0)
(915.0, 290.0) (915.0, 285.0)
(915.0, 285.0) (910.0, 285.0)
(910.0, 285.0) (910.0, 280.0)
(910.0, 280.0) (905.0, 280.0)
(905.0, 280.0) (905.0, 285.0)
(905.0, 285.0) (900.0, 285.0)
(900.0, 285.0) (900.0, 280.0)
(900.0, 280.0) (905.0, 280.0)
(905.0, 280.0) (905.0, 275.0)
(905.0, 275.0) (900.0, 275.0)
(900.0, 275.0) (900.0, 270.0)
(900.0, 270.0) (905.0, 270.0)
(905.0, 270.0) (905.0, 275.0)
(905.0, 275.0) (910.0, 275.0)
(910.0, 275.0) (910.0, 270.0)
(910.0, 270.0) (915.0, 270.0)
(915.0, 270.0) (915.0, 275.0)
(915.0, 275.0) (910.0, 275.0)
(910.0, 275.0) (910.0, 280.0)
(910.0, 280.0) (915.0, 280.0)
(915.0, 280.0) (915.0, 285.0)
(915.0, 285.0) (920.0, 285.0)
(920.0, 285.0) (920.0, 290.0)
(920.0, 290.0) (925.0, 290.0)
(925.0, 290.0) (925.0, 285.0)
(925.0, 285.0) (930.0, 285.0)
(930.0, 285.0) (930.0, 280.0)
(930.0, 280.0) (935.0, 280.0)
(935.0, 280.0) (935.0, 275.0)
(935.0, 275.0) (930.0, 275.0)
(930.0, 275.0) (930.0, 270.0)
(930.0, 270.0) (935.0, 270.0)
(935.0, 270.0) (935.0, 275.0)
(935.0, 275.0) (940.0, 275.0)
(940.0, 275.0) (940.0, 270.0)
(940.0, 270.0) (945.0, 270.0)
(945.0, 270.0) (945.0, 265.0)
(945.0, 265.0) (950.0, 265.0)
(950.0, 265.0) (950.0, 260.0)
(950.0, 260.0) (945.0, 260.0)
(945.0, 260.0) (945.0, 255.0)
(945.0, 255.0) (950.0, 255.0)
(950.0, 255.0) (950.0, 260.0)
(950.0, 260.0) (955.0, 260.0)
(955.0, 260.0) (955.0, 255.0)
(955.0, 255.0) (960.0, 255.0)
(960.0, 255.0) (960.0, 250.0)
(960.0, 250.0) (965.0, 250.0)
(965.0, 250.0) (965.0, 245.0)
(965.0, 245.0) (960.0, 245.0)
(960.0, 245.0) (960.0, 240.0)
(960.0, 240.0) (955.0, 240.0)
(955.0, 240.0) (955.0, 235.0)
(955.0, 235.0) (950.0, 235.0)
(950.0, 235.0) (950.0, 240.0)
(950.0, 240.0) (945.0, 240.0)
(945.0, 240.0) (945.0, 235.0)
(945.0, 235.0) (950.0, 235.0)
(950.0, 235.0) (950.0, 230.0)
(950.0, 230.0) (945.0, 230.0)
(945.0, 230.0) (945.0, 225.0)
(945.0, 225.0) (950.0, 225.0)
(950.0, 225.0) (950.0, 230.0)
(950.0, 230.0) (955.0, 230.0)
(955.0, 230.0) (955.0, 225.0)
(955.0, 225.0) (960.0, 225.0)
(960.0, 225.0) (960.0, 230.0)
(960.0, 230.0) (955.0, 230.0)
(955.0, 230.0) (955.0, 235.0)
(955.0, 235.0) (960.0, 235.0)
(960.0, 235.0) (960.0, 240.0)
(960.0, 240.0) (965.0, 240.0)
(965.0, 240.0) (965.0, 245.0)
(965.0, 245.0) (970.0, 245.0)
(970.0, 245.0) (970.0, 240.0)
(970.0, 240.0) (975.0, 240.0)
(975.0, 240.0) (975.0, 235.0)
(975.0, 235.0) (980.0, 235.0)
(980.0, 235.0) (980.0, 230.0)
(980.0, 230.0) (975.0, 230.0)
(975.0, 230.0) (975.0, 225.0)
(975.0, 225.0) (980.0, 225.0)
(980.0, 225.0) (980.0, 230.0)
(980.0, 230.0) (985.0, 230.0)
(985.0, 230.0) (985.0, 225.0)
(985.0, 225.0) (990.0, 225.0)
(990.0, 225.0) (990.0, 220.0)
(990.0, 220.0) (995.0, 220.0)
(995.0, 220.0) (995.0, 215.0)
(995.0, 215.0) (990.0, 215.0)
(990.0, 215.0) (990.0, 210.0)
(990.0, 210.0) (995.0, 210.0)
(995.0, 210.0) (995.0, 215.0)
(995.0, 215.0) (1000.0, 215.0)
(1000.0, 215.0) (1000.0, 210.0)
(1000.0, 210.0) (1005.0, 210.0)
(1005.0, 210.0) (1005.0, 205.0)
(1005.0, 205.0) (1010.0, 205.0)
(1010.0, 205.0) (1010.0, 200.0)
(1010.0, 200.0) (1005.0, 200.0)
(1005.0, 200.0) (1005.0, 195.0)
(1005.0, 195.0) (1000.0, 195.0)
(1000.0, 195.0) (1000.0, 190.0)
(1000.0, 190.0) (995.0, 190.0)
(995.0, 190.0) (995.0, 195.0)
(995.0, 195.0) (990.0, 195.0)
(990.0, 195.0) (990.0, 190.0)
(990.0, 190.0) (995.0, 190.0)
(995.0, 190.0) (995.0, 185.0)
(995.0, 185.0) (990.0, 185.0)
(990.0, 185.0) (990.0, 180.0)
(990.0, 180.0) (985.0, 180.0)
(985.0, 180.0) (985.0, 175.0)
(985.0, 175.0) (980.0, 175.0)
(980.0, 175.0) (980.0, 180.0)
(980.0, 180.0) (975.0, 180.0)
(975.0, 180.0) (975.0, 175.0)
(975.0, 175.0) (980.0, 175.0)
(980.0, 175.0) (980.0, 170.0)
(980.0, 170.0) (975.0, 170.0)
(975.0, 170.0) (975.0, 165.0)
(975.0, 165.0) (970.0, 165.0)
(970.0, 165.0) (970.0, 160.0)
(970.0, 160.0) (965.0, 160.0)
(965.0, 160.0) (965.0, 165.0)
(965.0, 165.0) (960.0, 165.0)
(960.0, 165.0) (960.0, 170.0)
(960.0, 170.0) (955.0, 170.0)
(955.0, 170.0) (955.0, 175.0)
(955.0, 175.0) (960.0, 175.0)
(960.0, 175.0) (960.0, 180.0)
(960.0, 180.0) (955.0, 180.0)
(955.0, 180.0) (955.0, 175.0)
(955.0, 175.0) (950.0, 175.0)
(950.0, 175.0) (950.0, 180.0)
(950.0, 180.0) (945.0, 180.0)
(945.0, 180.0) (945.0, 175.0)
(945.0, 175.0) (950.0, 175.0)
(950.0, 175.0) (950.0, 170.0)
(950.0, 170.0) (945.0, 170.0)
(945.0, 170.0) (945.0, 165.0)
(945.0, 165.0) (950.0, 165.0)
(950.0, 165.0) (950.0, 170.0)
(950.0, 170.0) (955.0, 170.0)
(955.0, 170.0) (955.0, 165.0)
(955.0, 165.0) (960.0, 165.0)
(960.0, 165.0) (960.0, 160.0)
(960.0, 160.0) (965.0, 160.0)
(965.0, 160.0) (965.0, 155.0)
(965.0, 155.0) (960.0, 155.0)
(960.0, 155.0) (960.0, 150.0)
(960.0, 150.0) (955.0, 150.0)
(955.0, 150.0) (955.0, 145.0)
(955.0, 145.0) (950.0, 145.0)
(950.0, 145.0) (950.0, 150.0)
(950.0, 150.0) (945.0, 150.0)
(945.0, 150.0) (945.0, 145.0)
(945.0, 145.0) (950.0, 145.0)
(950.0, 145.0) (950.0, 140.0)
(950.0, 140.0) (945.0, 140.0)
(945.0, 140.0) (945.0, 135.0)
(945.0, 135.0) (940.0, 135.0)
(940.0, 135.0) (940.0, 130.0)
(940.0, 130.0) (935.0, 130.0)
(935.0, 130.0) (935.0, 135.0)
(935.0, 135.0) (930.0, 135.0)
(930.0, 135.0) (930.0, 130.0)
(930.0, 130.0) (935.0, 130.0)
(935.0, 130.0) (935.0, 125.0)
(935.0, 125.0) (930.0, 125.0)
(930.0, 125.0) (930.0, 120.0)
(930.0, 120.0) (925.0, 120.0)
(925.0, 120.0) (925.0, 115.0)
(925.0, 115.0) (920.0, 115.0)
(920.0, 115.0) (920.0, 120.0)
(920.0, 120.0) (915.0, 120.0)
(915.0, 120.0) (915.0, 125.0)
(915.0, 125.0) (910.0, 125.0)
(910.0, 125.0) (910.0, 130.0)
(910.0, 130.0) (915.0, 130.0)
(915.0, 130.0) (915.0, 135.0)
(915.0, 135.0) (910.0, 135.0)
(910.0, 135.0) (910.0, 130.0)
(910.0, 130.0) (905.0, 130.0)
(905.0, 130.0) (905.0, 135.0)
(905.0, 135.0) (900.0, 135.0)
(900.0, 135.0) (900.0, 130.0)
(900.0, 130.0) (905.0, 130.0)
(905.0, 130.0) (905.0, 125.0)
(905.0, 125.0) (900.0, 125.0)
(900.0, 125.0) (900.0, 120.0)
(900.0, 120.0) (905.0, 120.0)
(905.0, 120.0) (905.0, 125.0)
(905.0, 125.0) (910.0, 125.0)
(910.0, 125.0) (910.0, 120.0)
(910.0, 120.0) (915.0, 120.0)
(915.0, 120.0) (915.0, 115.0)
(915.0, 115.0) (920.0, 115.0)
(920.0, 115.0) (920.0, 110.0)
(920.0, 110.0) (915.0, 110.0)
(915.0, 110.0) (915.0, 105.0)
(915.0, 105.0) (910.0, 105.0)
(910.0, 105.0) (910.0, 100.0)
(910.0, 100.0) (905.0, 100.0)
(905.0, 100.0) (905.0, 105.0)
(905.0, 105.0) (900.0, 105.0)
(900.0, 105.0) (900.0, 100.0)
(900.0, 100.0) (905.0, 100.0)
(905.0, 100.0) (905.0, 95.0)
(905.0, 95.0) (900.0, 95.0)
(900.0, 95.0) (900.0, 90.0)
(900.0, 90.0) (895.0, 90.0)
(895.0, 90.0) (895.0, 85.0)
(895.0, 85.0) (890.0, 85.0)
(890.0, 85.0) (890.0, 90.0)
(890.0, 90.0) (885.0, 90.0)
(885.0, 90.0) (885.0, 85.0)
(885.0, 85.0) (890.0, 85.0)
(890.0, 85.0) (890.0, 80.0)
(890.0, 80.0) (885.0, 80.0)
(885.0, 80.0) (885.0, 75.0)
(885.0, 75.0) (880.0, 75.0)
(880.0, 75.0) (880.0, 70.0)
(880.0, 70.0) (875.0, 70.0)
(875.0, 70.0) (875.0, 75.0)
(875.0, 75.0) (870.0, 75.0)
(870.0, 75.0) (870.0, 80.0)
(870.0, 80.0) (865.0, 80.0)
(865.0, 80.0) (865.0, 85.0)
(865.0, 85.0) (870.0, 85.0)
(870.0, 85.0) (870.0, 90.0)
(870.0, 90.0) (865.0, 90.0)
(865.0, 90.0) (865.0, 85.0)
(865.0, 85.0) (860.0, 85.0)
(860.0, 85.0) (860.0, 90.0)
(860.0, 90.0) (855.0, 90.0)
(855.0, 90.0) (855.0, 95.0)
(855.0, 95.0) (850.0, 95.0)
(850.0, 95.0) (850.0, 100.0)
(850.0, 100.0) (855.0, 100.0)
(855.0, 100.0) (855.0, 105.0)
(855.0, 105.0) (850.0, 105.0)
(850.0, 105.0) (850.0, 100.0)
(850.0, 100.0) (845.0, 100.0)
(845.0, 100.0) (845.0, 105.0)
(845.0, 105.0) (840.0, 105.0)
(840.0, 105.0) (840.0, 110.0)
(840.0, 110.0) (835.0, 110.0)
(835.0, 110.0) (835.0, 115.0)
(835.0, 115.0) (840.0, 115.0)
(840.0, 115.0) (840.0, 120.0)
(840.0, 120.0) (845.0, 120.0)
(845.0, 120.0) (845.0, 125.0)
(845.0, 125.0) (850.0, 125.0)
(850.0, 125.0) (850.0, 120.0)
(850.0, 120.0) (855.0, 120.0)
(855.0, 120.0) (855.0, 125.0)
(855.0, 125.0) (850.0, 125.0)
(850.0, 125.0) (850.0, 130.0)
(850.0, 130.0) (855.0, 130.0)
(855.0, 130.0) (855.0, 135.0)
(855.0, 135.0) (850.0, 135.0)
(850.0, 135.0) (850.0, 130.0)
(850.0, 130.0) (845.0, 130.0)
(845.0, 130.0) (845.0, 135.0)
(845.0, 135.0) (840.0, 135.0)
(840.0, 135.0) (840.0, 130.0)
(840.0, 130.0) (845.0, 130.0)
(845.0, 130.0) (845.0, 125.0)
(845.0, 125.0) (840.0, 125.0)
(840.0, 125.0) (840.0, 120.0)
(840.0, 120.0) (835.0, 120.0)
(835.0, 120.0) (835.0, 115.0)
(835.0, 115.0) (830.0, 115.0)
(830.0, 115.0) (830.0, 120.0)
(830.0, 120.0) (825.0, 120.0)
(825.0, 120.0) (825.0, 125.0)
(825.0, 125.0) (820.0, 125.0)
(820.0, 125.0) (820.0, 130.0)
(820.0, 130.0) (825.0, 130.0)
(825.0, 130.0) (825.0, 135.0)
(825.0, 135.0) (820.0, 135.0)
(820.0, 135.0) (820.0, 130.0)
(820.0, 130.0) (815.0, 130.0)
(815.0, 130.0) (815.0, 135.0)
(815.0, 135.0) (810.0, 135.0)
(810.0, 135.0) (810.0, 130.0)
(810.0, 130.0) (815.0, 130.0)
(815.0, 130.0) (815.0, 125.0)
(815.0, 125.0) (810.0, 125.0)
(810.0, 125.0) (810.0, 120.0)
(810.0, 120.0) (815.0, 120.0)
(815.0, 120.0) (815.0, 125.0)
(815.0, 125.0) (820.0, 125.0)
(820.0, 125.0) (820.0, 120.0)
(820.0, 120.0) (825.0, 120.0)
(825.0, 120.0) (825.0, 115.0)
(825.0, 115.0) (830.0, 115.0)
(830.0, 115.0) (830.0, 110.0)
(830.0, 110.0) (825.0, 110.0)
(825.0, 110.0) (825.0, 105.0)
(825.0, 105.0) (820.0, 105.0)
(820.0, 105.0) (820.0, 100.0)
(820.0, 100.0) (815.0, 100.0)
(815.0, 100.0) (815.0, 105.0)
(815.0, 105.0) (810.0, 105.0)
(810.0, 105.0) (810.0, 100.0)
(810.0, 100.0) (815.0, 100.0)
(815.0, 100.0) (815.0, 95.0)
(815.0, 95.0) (810.0, 95.0)
(810.0, 95.0) (810.0, 90.0)
(810.0, 90.0) (815.0, 90.0)
(815.0, 90.0) (815.0, 95.0)
(815.0, 95.0) (820.0, 95.0)
(820.0, 95.0) (820.0, 90.0)
(820.0, 90.0) (825.0, 90.0)
(825.0, 90.0) (825.0, 95.0)
(825.0, 95.0) (820.0, 95.0)
(820.0, 95.0) (820.0, 100.0)
(820.0, 100.0) (825.0, 100.0)
(825.0, 100.0) (825.0, 105.0)
(825.0, 105.0) (830.0, 105.0)
(830.0, 105.0) (830.0, 110.0)
(830.0, 110.0) (835.0, 110.0)
(835.0, 110.0) (835.0, 105.0)
(835.0, 105.0) (840.0, 105.0)
(840.0, 105.0) (840.0, 100.0)
(840.0, 100.0) (845.0, 100.0)
(845.0, 100.0) (845.0, 95.0)
(845.0, 95.0) (840.0, 95.0)
(840.0, 95.0) (840.0, 90.0)
(840.0, 90.0) (845.0, 90.0)
(845.0, 90.0) (845.0, 95.0)
(845.0, 95.0) (850.0, 95.0)
(850.0, 95.0) (850.0, 90.0)
(850.0, 90.0) (855.0, 90.0)
(855.0, 90.0) (855.0, 85.0)
(855.0, 85.0) (860.0, 85.0)
(860.0, 85.0) (860.0, 80.0)
(860.0, 80.0) (855.0, 80.0)
(855.0, 80.0) (855.0, 75.0)
(855.0, 75.0) (860.0, 75.0)
(860.0, 75.0) (860.0, 80.0)
(860.0, 80.0) (865.0, 80.0)
(865.0, 80.0) (865.0, 75.0)
(865.0, 75.0) (870.0, 75.0)
(870.0, 75.0) (870.0, 70.0)
(870.0, 70.0) (875.0, 70.0)
(875.0, 70.0) (875.0, 65.0)
(875.0, 65.0) (870.0, 65.0)
(870.0, 65.0) (870.0, 60.0)
(870.0, 60.0) (865.0, 60.0)
(865.0, 60.0) (865.0, 55.0)
(865.0, 55.0) (860.0, 55.0)
(860.0, 55.0) (860.0, 60.0)
(860.0, 60.0) (855.0, 60.0)
(855.0, 60.0) (855.0, 55.0)
(855.0, 55.0) (860.0, 55.0)
(860.0, 55.0) (860.0, 50.0)
(860.0, 50.0) (855.0, 50.0)
(855.0, 50.0) (855.0, 45.0)
(855.0, 45.0) (850.0, 45.0)
(850.0, 45.0) (850.0, 40.0)
(850.0, 40.0) (845.0, 40.0)
(845.0, 40.0) (845.0, 45.0)
(845.0, 45.0) (840.0, 45.0)
(840.0, 45.0) (840.0, 40.0)
(840.0, 40.0) (845.0, 40.0)
(845.0, 40.0) (845.0, 35.0)
(845.0, 35.0) (840.0, 35.0)
(840.0, 35.0) (840.0, 30.0)
(840.0, 30.0) (835.0, 30.0)
(835.0, 30.0) (835.0, 25.0)
(835.0, 25.0) (830.0, 25.0)
(830.0, 25.0) (830.0, 30.0)
(830.0, 30.0) (825.0, 30.0)
(825.0, 30.0) (825.0, 35.0)
(825.0, 35.0) (820.0, 35.0)
(820.0, 35.0) (820.0, 40.0)
(820.0, 40.0) (825.0, 40.0)
(825.0, 40.0) (825.0, 45.0)
(825.0, 45.0) (820.0, 45.0)
(820.0, 45.0) (820.0, 40.0)
(820.0, 40.0) (815.0, 40.0)
(815.0, 40.0) (815.0, 45.0)
(815.0, 45.0) (810.0, 45.0)
(810.0, 45.0) (810.0, 40.0)
(810.0, 40.0) (815.0, 40.0)
(815.0, 40.0) (815.0, 35.0)
(815.0, 35.0) (810.0, 35.0)
(810.0, 35.0) (810.0, 30.0)
(810.0, 30.0) (815.0, 30.0)
(815.0, 30.0) (815.0, 35.0)
(815.0, 35.0) (820.0, 35.0)
(820.0, 35.0) (820.0, 30.0)
(820.0, 30.0) (825.0, 30.0)
(825.0, 30.0) (825.0, 25.0)
(825.0, 25.0) (830.0, 25.0)
(830.0, 25.0) (830.0, 20.0)
(830.0, 20.0) (825.0, 20.0)
(825.0, 20.0) (825.0, 15.0)
(825.0, 15.0) (820.0, 15.0)
(820.0, 15.0) (820.0, 10.0)
(820.0, 10.0) (815.0, 10.0)
(815.0, 10.0) (815.0, 15.0)
(815.0, 15.0) (810.0, 15.0)
(810.0, 15.0) (810.0, 10.0)
(810.0, 10.0) (815.0, 10.0)
(815.0, 10.0) (815.0, 5.0)
(815.0, 5.0) (810.0, 5.0)
(810.0, 5.0) (810.0, -0.0)
(810.0, -0.0) (815.0, -0.0)
(815.0, -0.0) (815.0, 5.0)
(815.0, 5.0) (820.0, 5.0)
(820.0, 5.0) (820.0, -0.0)
(820.0, -0.0) (825.0, -0.0)
(825.0, -0.0) (825.0, 5.0)
(825.0, 5.0) (820.0, 5.0)
(820.0, 5.0) (820.0, 10.0)
(820.0, 10.0) (825.0, 10.0)
(825.0, 10.0) (825.0, 15.0)
(825.0, 15.0) (830.0, 15.0)
(830.0, 15.0) (830.0, 20.0)
(830.0, 20.0) (835.0, 20.0)
(835.0, 20.0) (835.0, 15.0)
(835.0, 15.0) (840.0, 15.0)
(840.0, 15.0) (840.0, 10.0)
(840.0, 10.0) (845.0, 10.0)
(845.0, 10.0) (845.0, 5.0)
(845.0, 5.0) (840.0, 5.0)
(840.0, 5.0) (840.0, -0.0)
(840.0, -0.0) (845.0, -0.0)
(845.0, -0.0) (845.0, 5.0)
(845.0, 5.0) (850.0, 5.0)
(850.0, 5.0) (850.0, -0.0)
(850.0, -0.0) (855.0, -0.0)
(855.0, -0.0) (855.0, 5.0)
(855.0, 5.0) (850.0, 5.0)
(850.0, 5.0) (850.0, 10.0)
(850.0, 10.0) (855.0, 10.0)
(855.0, 10.0) (855.0, 15.0)
(855.0, 15.0) (850.0, 15.0)
(850.0, 15.0) (850.0, 10.0)
(850.0, 10.0) (845.0, 10.0)
(845.0, 10.0) (845.0, 15.0)
(845.0, 15.0) (840.0, 15.0)
(840.0, 15.0) (840.0, 20.0)
(840.0, 20.0) (835.0, 20.0)
(835.0, 20.0) (835.0, 25.0)
(835.0, 25.0) (840.0, 25.0)
(840.0, 25.0) (840.0, 30.0)
(840.0, 30.0) (845.0, 30.0)
(845.0, 30.0) (845.0, 35.0)
(845.0, 35.0) (850.0, 35.0)
(850.0, 35.0) (850.0, 30.0)
(850.0, 30.0) (855.0, 30.0)
(855.0, 30.0) (855.0, 35.0)
(855.0, 35.0) (850.0, 35.0)
(850.0, 35.0) (850.0, 40.0)
(850.0, 40.0) (855.0, 40.0)
(855.0, 40.0) (855.0, 45.0)
(855.0, 45.0) (860.0, 45.0)
(860.0, 45.0) (860.0, 50.0)
(860.0, 50.0) (865.0, 50.0)
(865.0, 50.0) (865.0, 45.0)
(865.0, 45.0) (870.0, 45.0)
(870.0, 45.0) (870.0, 50.0)
(870.0, 50.0) (865.0, 50.0)
(865.0, 50.0) (865.0, 55.0)
(865.0, 55.0) (870.0, 55.0)
(870.0, 55.0) (870.0, 60.0)
(870.0, 60.0) (875.0, 60.0)
(875.0, 60.0) (875.0, 65.0)
(875.0, 65.0) (880.0, 65.0)
(880.0, 65.0) (880.0, 60.0)
(880.0, 60.0) (885.0, 60.0)
(885.0, 60.0) (885.0, 55.0)
(885.0, 55.0) (890.0, 55.0)
(890.0, 55.0) (890.0, 50.0)
(890.0, 50.0) (885.0, 50.0)
(885.0, 50.0) (885.0, 45.0)
(885.0, 45.0) (890.0, 45.0)
(890.0, 45.0) (890.0, 50.0)
(890.0, 50.0) (895.0, 50.0)
(895.0, 50.0) (895.0, 45.0)
(895.0, 45.0) (900.0, 45.0)
(900.0, 45.0) (900.0, 40.0)
(900.0, 40.0) (905.0, 40.0)
(905.0, 40.0) (905.0, 35.0)
(905.0, 35.0) (900.0, 35.0)
(900.0, 35.0) (900.0, 30.0)
(900.0, 30.0) (905.0, 30.0)
(905.0, 30.0) (905.0, 35.0)
(905.0, 35.0) (910.0, 35.0)
(910.0, 35.0) (910.0, 30.0)
(910.0, 30.0) (915.0, 30.0)
(915.0, 30.0) (915.0, 25.0)
(915.0, 25.0) (920.0, 25.0)
(920.0, 25.0) (920.0, 20.0)
(920.0, 20.0) (915.0, 20.0)
(915.0, 20.0) (915.0, 15.0)
(915.0, 15.0) (910.0, 15.0)
(910.0, 15.0) (910.0, 10.0)
(910.0, 10.0) (905.0, 10.0)
(905.0, 10.0) (905.0, 15.0)
(905.0, 15.0) (900.0, 15.0)
(900.0, 15.0) (900.0, 10.0)
(900.0, 10.0) (905.0, 10.0)
(905.0, 10.0) (905.0, 5.0)
(905.0, 5.0) (900.0, 5.0)
(900.0, 5.0) (900.0, -0.0)
(900.0, -0.0) (905.0, -0.0)
(905.0, -0.0) (905.0, 5.0)
(905.0, 5.0) (910.0, 5.0)
(910.0, 5.0) (910.0, -0.0)
(910.0, -0.0) (915.0, -0.0)
(915.0, -0.0) (915.0, 5.0)
(915.0, 5.0) (910.0, 5.0)
(910.0, 5.0) (910.0, 10.0)
(910.0, 10.0) (915.0, 10.0)
(915.0, 10.0) (915.0, 15.0)
(915.0, 15.0) (920.0, 15.0)
(920.0, 15.0) (920.0, 20.0)
(920.0, 20.0) (925.0, 20.0)
(925.0, 20.0) (925.0, 15.0)
(925.0, 15.0) (930.0, 15.0)
(930.0, 15.0) (930.0, 10.0)
(930.0, 10.0) (935.0, 10.0)
(935.0, 10.0) (935.0, 5.0)
(935.0, 5.0) (930.0, 5.0)
(930.0, 5.0) (930.0, -0.0)
(930.0, -0.0) (935.0, -0.0)
(935.0, -0.0) (935.0, 5.0)
(935.0, 5.0) (940.0, 5.0)
(940.0, 5.0) (940.0, -0.0)
(940.0, -0.0) (945.0, -0.0)
(945.0, -0.0) (945.0, 5.0)
(945.0, 5.0) (940.0, 5.0)
(940.0, 5.0) (940.0, 10.0)
(940.0, 10.0) (945.0, 10.0)
(945.0, 10.0) (945.0, 15.0)
(945.0, 15.0) (940.0, 15.0)
(940.0, 15.0) (940.0, 10.0)
(940.0, 10.0) (935.0, 10.0)
(935.0, 10.0) (935.0, 15.0)
(935.0, 15.0) (930.0, 15.0)
(930.0, 15.0) (930.0, 20.0)
(930.0, 20.0) (925.0, 20.0)
(925.0, 20.0) (925.0, 25.0)
(925.0, 25.0) (930.0, 25.0)
(930.0, 25.0) (930.0, 30.0)
(930.0, 30.0) (935.0, 30.0)
(935.0, 30.0) (935.0, 35.0)
(935.0, 35.0) (940.0, 35.0)
(940.0, 35.0) (940.0, 30.0)
(940.0, 30.0) (945.0, 30.0)
(945.0, 30.0) (945.0, 35.0)
(945.0, 35.0) (940.0, 35.0)
(940.0, 35.0) (940.0, 40.0)
(940.0, 40.0) (945.0, 40.0)
(945.0, 40.0) (945.0, 45.0)
(945.0, 45.0) (940.0, 45.0)
(940.0, 45.0) (940.0, 40.0)
(940.0, 40.0) (935.0, 40.0)
(935.0, 40.0) (935.0, 45.0)
(935.0, 45.0) (930.0, 45.0)
(930.0, 45.0) (930.0, 40.0)
(930.0, 40.0) (935.0, 40.0)
(935.0, 40.0) (935.0, 35.0)
(935.0, 35.0) (930.0, 35.0)
(930.0, 35.0) (930.0, 30.0)
(930.0, 30.0) (925.0, 30.0)
(925.0, 30.0) (925.0, 25.0)
(925.0, 25.0) (920.0, 25.0)
(920.0, 25.0) (920.0, 30.0)
(920.0, 30.0) (915.0, 30.0)
(915.0, 30.0) (915.0, 35.0)
(915.0, 35.0) (910.0, 35.0)
(910.0, 35.0) (910.0, 40.0)
(910.0, 40.0) (915.0, 40.0)
(915.0, 40.0) (915.0, 45.0)
(915.0, 45.0) (910.0, 45.0)
(910.0, 45.0) (910.0, 40.0)
(910.0, 40.0) (905.0, 40.0)
(905.0, 40.0) (905.0, 45.0)
(905.0, 45.0) (900.0, 45.0)
(900.0, 45.0) (900.0, 50.0)
(900.0, 50.0) (895.0, 50.0)
(895.0, 50.0) (895.0, 55.0)
(895.0, 55.0) (900.0, 55.0)
(900.0, 55.0) (900.0, 60.0)
(900.0, 60.0) (895.0, 60.0)
(895.0, 60.0) (895.0, 55.0)
(895.0, 55.0) (890.0, 55.0)
(890.0, 55.0) (890.0, 60.0)
(890.0, 60.0) (885.0, 60.0)
(885.0, 60.0) (885.0, 65.0)
(885.0, 65.0) (880.0, 65.0)
(880.0, 65.0) (880.0, 70.0)
(880.0, 70.0) (885.0, 70.0)
(885.0, 70.0) (885.0, 75.0)
(885.0, 75.0) (890.0, 75.0)
(890.0, 75.0) (890.0, 80.0)
(890.0, 80.0) (895.0, 80.0)
(895.0, 80.0) (895.0, 75.0)
(895.0, 75.0) (900.0, 75.0)
(900.0, 75.0) (900.0, 80.0)
(900.0, 80.0) (895.0, 80.0)
(895.0, 80.0) (895.0, 85.0)
(895.0, 85.0) (900.0, 85.0)
(900.0, 85.0) (900.0, 90.0)
(900.0, 90.0) (905.0, 90.0)
(905.0, 90.0) (905.0, 95.0)
(905.0, 95.0) (910.0, 95.0)
(910.0, 95.0) (910.0, 90.0)
(910.0, 90.0) (915.0, 90.0)
(915.0, 90.0) (915.0, 95.0)
(915.0, 95.0) (910.0, 95.0)
(910.0, 95.0) (910.0, 100.0)
(910.0, 100.0) (915.0, 100.0)
(915.0, 100.0) (915.0, 105.0)
(915.0, 105.0) (920.0, 105.0)
(920.0, 105.0) (920.0, 110.0)
(920.0, 110.0) (925.0, 110.0)
(925.0, 110.0) (925.0, 105.0)
(925.0, 105.0) (930.0, 105.0)
(930.0, 105.0) (930.0, 100.0)
(930.0, 100.0) (935.0, 100.0)
(935.0, 100.0) (935.0, 95.0)
(935.0, 95.0) (930.0, 95.0)
(930.0, 95.0) (930.0, 90.0)
(930.0, 90.0) (935.0, 90.0)
(935.0, 90.0) (935.0, 95.0)
(935.0, 95.0) (940.0, 95.0)
(940.0, 95.0) (940.0, 90.0)
(940.0, 90.0) (945.0, 90.0)
(945.0, 90.0) (945.0, 95.0)
(945.0, 95.0) (940.0, 95.0)
(940.0, 95.0) (940.0, 100.0)
(940.0, 100.0) (945.0, 100.0)
(945.0, 100.0) (945.0, 105.0)
(945.0, 105.0) (940.0, 105.0)
(940.0, 105.0) (940.0, 100.0)
(940.0, 100.0) (935.0, 100.0)
(935.0, 100.0) (935.0, 105.0)
(935.0, 105.0) (930.0, 105.0)
(930.0, 105.0) (930.0, 110.0)
(930.0, 110.0) (925.0, 110.0)
(925.0, 110.0) (925.0, 115.0)
(925.0, 115.0) (930.0, 115.0)
(930.0, 115.0) (930.0, 120.0)
(930.0, 120.0) (935.0, 120.0)
(935.0, 120.0) (935.0, 125.0)
(935.0, 125.0) (940.0, 125.0)
(940.0, 125.0) (940.0, 120.0)
(940.0, 120.0) (945.0, 120.0)
(945.0, 120.0) (945.0, 125.0)
(945.0, 125.0) (940.0, 125.0)
(940.0, 125.0) (940.0, 130.0)
(940.0, 130.0) (945.0, 130.0)
(945.0, 130.0) (945.0, 135.0)
(945.0, 135.0) (950.0, 135.0)
(950.0, 135.0) (950.0, 140.0)
(950.0, 140.0) (955.0, 140.0)
(955.0, 140.0) (955.0, 135.0)
(955.0, 135.0) (960.0, 135.0)
(960.0, 135.0) (960.0, 140.0)
(960.0, 140.0) (955.0, 140.0)
(955.0, 140.0) (955.0, 145.0)
(955.0, 145.0) (960.0, 145.0)
(960.0, 145.0) (960.0, 150.0)
(960.0, 150.0) (965.0, 150.0)
(965.0, 150.0) (965.0, 155.0)
(965.0, 155.0) (970.0, 155.0)
(970.0, 155.0) (970.0, 150.0)
(970.0, 150.0) (975.0, 150.0)
(975.0, 150.0) (975.0, 145.0)
(975.0, 145.0) (980.0, 145.0)
(980.0, 145.0) (980.0, 140.0)
(980.0, 140.0) (975.0, 140.0)
(975.0, 140.0) (975.0, 135.0)
(975.0, 135.0) (980.0, 135.0)
(980.0, 135.0) (980.0, 140.0)
(980.0, 140.0) (985.0, 140.0)
(985.0, 140.0) (985.0, 135.0)
(985.0, 135.0) (990.0, 135.0)
(990.0, 135.0) (990.0, 140.0)
(990.0, 140.0) (985.0, 140.0)
(985.0, 140.0) (985.0, 145.0)
(985.0, 145.0) (990.0, 145.0)
(990.0, 145.0) (990.0, 150.0)
(990.0, 150.0) (985.0, 150.0)
(985.0, 150.0) (985.0, 145.0)
(985.0, 145.0) (980.0, 145.0)
(980.0, 145.0) (980.0, 150.0)
(980.0, 150.0) (975.0, 150.0)
(975.0, 150.0) (975.0, 155.0)
(975.0, 155.0) (970.0, 155.0)
(970.0, 155.0) (970.0, 160.0)
(970.0, 160.0) (975.0, 160.0)
(975.0, 160.0) (975.0, 165.0)
(975.0, 165.0) (980.0, 165.0)
(980.0, 165.0) (980.0, 170.0)
(980.0, 170.0) (985.0, 170.0)
(985.0, 170.0) (985.0, 165.0)
(985.0, 165.0) (990.0, 165.0)
(990.0, 165.0) (990.0, 170.0)
(990.0, 170.0) (985.0, 170.0)
(985.0, 170.0) (985.0, 175.0)
(985.0, 175.0) (990.0, 175.0)
(990.0, 175.0) (990.0, 180.0)
(990.0, 180.0) (995.0, 180.0)
(995.0, 180.0) (995.0, 185.0)
(995.0, 185.0) (1000.0, 185.0)
(1000.0, 185.0) (1000.0, 180.0)
(1000.0, 180.0) (1005.0, 180.0)
(1005.0, 180.0) (1005.0, 185.0)
(1005.0, 185.0) (1000.0, 185.0)
(1000.0, 185.0) (1000.0, 190.0)
(1000.0, 190.0) (1005.0, 190.0)
(1005.0, 190.0) (1005.0, 195.0)
(1005.0, 195.0) (1010.0, 195.0)
(1010.0, 195.0) (1010.0, 200.0)
(1010.0, 200.0) (1015.0, 200.0)
(1015.0, 200.0) (1015.0, 195.0)
(1015.0, 195.0) (1020.0, 195.0)
(1020.0, 195.0) (1020.0, 190.0)
(1020.0, 190.0) (1025.0, 190.0)
(1025.0, 190.0) (1025.0, 185.0)
(1025.0, 185.0) (1020.0, 185.0)
(1020.0, 185.0) (1020.0, 180.0)
(1020.0, 180.0) (1025.0, 180.0)
(1025.0, 180.0) (1025.0, 185.0)
(1025.0, 185.0) (1030.0, 185.0)
(1030.0, 185.0) (1030.0, 180.0)
(1030.0, 180.0) (1035.0, 180.0)
(1035.0, 180.0) (1035.0, 175.0)
(1035.0, 175.0) (1040.0, 175.0)
(1040.0, 175.0) (1040.0, 170.0)
(1040.0, 170.0) (1035.0, 170.0)
(1035.0, 170.0) (1035.0, 165.0)
(1035.0, 165.0) (1040.0, 165.0)
(1040.0, 165.0) (1040.0, 170.0)
(1040.0, 170.0) (1045.0, 170.0)
(1045.0, 170.0) (1045.0, 165.0)
(1045.0, 165.0) (1050.0, 165.0)
(1050.0, 165.0) (1050.0, 160.0)
(1050.0, 160.0) (1055.0, 160.0)
(1055.0, 160.0) (1055.0, 155.0)
(1055.0, 155.0) (1050.0, 155.0)
(1050.0, 155.0) (1050.0, 150.0)
(1050.0, 150.0) (1045.0, 150.0)
(1045.0, 150.0) (1045.0, 145.0)
(1045.0, 145.0) (1040.0, 145.0)
(1040.0, 145.0) (1040.0, 150.0)
(1040.0, 150.0) (1035.0, 150.0)
(1035.0, 150.0) (1035.0, 145.0)
(1035.0, 145.0) (1040.0, 145.0)
(1040.0, 145.0) (1040.0, 140.0)
(1040.0, 140.0) (1035.0, 140.0)
(1035.0, 140.0) (1035.0, 135.0)
(1035.0, 135.0) (1040.0, 135.0)
(1040.0, 135.0) (1040.0, 140.0)
(1040.0, 140.0) (1045.0, 140.0)
(1045.0, 140.0) (1045.0, 135.0)
(1045.0, 135.0) (1050.0, 135.0)
(1050.0, 135.0) (1050.0, 140.0)
(1050.0, 140.0) (1045.0, 140.0)
(1045.0, 140.0) (1045.0, 145.0)
(1045.0, 145.0) (1050.0, 145.0)
(1050.0, 145.0) (1050.0, 150.0)
(1050.0, 150.0) (1055.0, 150.0)
(1055.0, 150.0) (1055.0, 155.0)
(1055.0, 155.0) (1060.0, 155.0)
(1060.0, 155.0) (1060.0, 150.0)
(1060.0, 150.0) (1065.0, 150.0)
(1065.0, 150.0) (1065.0, 145.0)
(1065.0, 145.0) (1070.0, 145.0)
(1070.0, 145.0) (1070.0, 140.0)
(1070.0, 140.0) (1065.0, 140.0)
(1065.0, 140.0) (1065.0, 135.0)
(1065.0, 135.0) (1070.0, 135.0)
(1070.0, 135.0) (1070.0, 140.0)
(1070.0, 140.0) (1075.0, 140.0)
(1075.0, 140.0) (1075.0, 135.0)
(1075.0, 135.0) (1080.0, 135.0)
(1080.0, 135.0) (1080.0, 130.0)
(1080.0, 130.0) (1085.0, 130.0)
(1085.0, 130.0) (1085.0, 125.0)
(1085.0, 125.0) (1080.0, 125.0)
(1080.0, 125.0) (1080.0, 120.0)
(1080.0, 120.0) (1085.0, 120.0)
(1085.0, 120.0) (1085.0, 125.0)
(1085.0, 125.0) (1090.0, 125.0)
(1090.0, 125.0) (1090.0, 120.0)
(1090.0, 120.0) (1095.0, 120.0)
(1095.0, 120.0) (1095.0, 115.0)
(1095.0, 115.0) (1100.0, 115.0)
(1100.0, 115.0) (1100.0, 110.0)
(1100.0, 110.0) (1095.0, 110.0)
(1095.0, 110.0) (1095.0, 105.0)
(1095.0, 105.0) (1090.0, 105.0)
(1090.0, 105.0) (1090.0, 100.0)
(1090.0, 100.0) (1085.0, 100.0)
(1085.0, 100.0) (1085.0, 105.0)
(1085.0, 105.0) (1080.0, 105.0)
(1080.0, 105.0) (1080.0, 100.0)
(1080.0, 100.0) (1085.0, 100.0)
(1085.0, 100.0) (1085.0, 95.0)
(1085.0, 95.0) (1080.0, 95.0)
(1080.0, 95.0) (1080.0, 90.0)
(1080.0, 90.0) (1085.0, 90.0)
(1085.0, 90.0) (1085.0, 95.0)
(1085.0, 95.0) (1090.0, 95.0)
(1090.0, 95.0) (1090.0, 90.0)
(1090.0, 90.0) (1095.0, 90.0)
(1095.0, 90.0) (1095.0, 95.0)
(1095.0, 95.0) (1090.0, 95.0)
(1090.0, 95.0) (1090.0, 100.0)
(1090.0, 100.0) (1095.0, 100.0)
(1095.0, 100.0) (1095.0, 105.0)
(1095.0, 105.0) (1100.0, 105.0)
(1100.0, 105.0) (1100.0, 110.0)
(1100.0, 110.0) (1105.0, 110.0)
(1105.0, 110.0) (1105.0, 105.0)
(1105.0, 105.0) (1110.0, 105.0)
(1110.0, 105.0) (1110.0, 100.0)
(1110.0, 100.0) (1115.0, 100.0)
(1115.0, 100.0) (1115.0, 95.0)
(1115.0, 95.0) (1110.0, 95.0)
(1110.0, 95.0) (1110.0, 90.0)
(1110.0, 90.0) (1115.0, 90.0)
(1115.0, 90.0) (1115.0, 95.0)
(1115.0, 95.0) (1120.0, 95.0)
(1120.0, 95.0) (1120.0, 90.0)
(1120.0, 90.0) (1125.0, 90.0)
(1125.0, 90.0) (1125.0, 85.0)
(1125.0, 85.0) (1130.0, 85.0)
(1130.0, 85.0) (1130.0, 80.0)
(1130.0, 80.0) (1125.0, 80.0)
(1125.0, 80.0) (1125.0, 75.0)
(1125.0, 75.0) (1130.0, 75.0)
(1130.0, 75.0) (1130.0, 80.0)
(1130.0, 80.0) (1135.0, 80.0)
(1135.0, 80.0) (1135.0, 75.0)
(1135.0, 75.0) (1140.0, 75.0)
(1140.0, 75.0) (1140.0, 70.0)
(1140.0, 70.0) (1145.0, 70.0)
(1145.0, 70.0) (1145.0, 65.0)
(1145.0, 65.0) (1140.0, 65.0)
(1140.0, 65.0) (1140.0, 60.0)
(1140.0, 60.0) (1135.0, 60.0)
(1135.0, 60.0) (1135.0, 55.0)
(1135.0, 55.0) (1130.0, 55.0)
(1130.0, 55.0) (1130.0, 60.0)
(1130.0, 60.0) (1125.0, 60.0)
(1125.0, 60.0) (1125.0, 55.0)
(1125.0, 55.0) (1130.0, 55.0)
(1130.0, 55.0) (1130.0, 50.0)
(1130.0, 50.0) (1125.0, 50.0)
(1125.0, 50.0) (1125.0, 45.0)
(1125.0, 45.0) (1120.0, 45.0)
(1120.0, 45.0) (1120.0, 40.0)
(1120.0, 40.0) (1115.0, 40.0)
(1115.0, 40.0) (1115.0, 45.0)
(1115.0, 45.0) (1110.0, 45.0)
(1110.0, 45.0) (1110.0, 40.0)
(1110.0, 40.0) (1115.0, 40.0)
(1115.0, 40.0) (1115.0, 35.0)
(1115.0, 35.0) (1110.0, 35.0)
(1110.0, 35.0) (1110.0, 30.0)
(1110.0, 30.0) (1105.0, 30.0)
(1105.0, 30.0) (1105.0, 25.0)
(1105.0, 25.0) (1100.0, 25.0)
(1100.0, 25.0) (1100.0, 30.0)
(1100.0, 30.0) (1095.0, 30.0)
(1095.0, 30.0) (1095.0, 35.0)
(1095.0, 35.0) (1090.0, 35.0)
(1090.0, 35.0) (1090.0, 40.0)
(1090.0, 40.0) (1095.0, 40.0)
(1095.0, 40.0) (1095.0, 45.0)
(1095.0, 45.0) (1090.0, 45.0)
(1090.0, 45.0) (1090.0, 40.0)
(1090.0, 40.0) (1085.0, 40.0)
(1085.0, 40.0) (1085.0, 45.0)
(1085.0, 45.0) (1080.0, 45.0)
(1080.0, 45.0) (1080.0, 40.0)
(1080.0, 40.0) (1085.0, 40.0)
(1085.0, 40.0) (1085.0, 35.0)
(1085.0, 35.0) (1080.0, 35.0)
(1080.0, 35.0) (1080.0, 30.0)
(1080.0, 30.0) (1085.0, 30.0)
(1085.0, 30.0) (1085.0, 35.0)
(1085.0, 35.0) (1090.0, 35.0)
(1090.0, 35.0) (1090.0, 30.0)
(1090.0, 30.0) (1095.0, 30.0)
(1095.0, 30.0) (1095.0, 25.0)
(1095.0, 25.0) (1100.0, 25.0)
(1100.0, 25.0) (1100.0, 20.0)
(1100.0, 20.0) (1095.0, 20.0)
(1095.0, 20.0) (1095.0, 15.0)
(1095.0, 15.0) (1090.0, 15.0)
(1090.0, 15.0) (1090.0, 10.0)
(1090.0, 10.0) (1085.0, 10.0)
(1085.0, 10.0) (1085.0, 15.0)
(1085.0, 15.0) (1080.0, 15.0)
(1080.0, 15.0) (1080.0, 10.0)
(1080.0, 10.0) (1085.0, 10.0)
(1085.0, 10.0) (1085.0, 5.0)
(1085.0, 5.0) (1080.0, 5.0)
(1080.0, 5.0) (1080.0, -0.0)
(1080.0, -0.0) (1085.0, -0.0)
(1085.0, -0.0) (1085.0, 5.0)
(1085.0, 5.0) (1090.0, 5.0)
(1090.0, 5.0) (1090.0, -0.0)
(1090.0, -0.0) (1095.0, -0.0)
(1095.0, -0.0) (1095.0, 5.0)
(1095.0, 5.0) (1090.0, 5.0)
(1090.0, 5.0) (1090.0, 10.0)
(1090.0, 10.0) (1095.0, 10.0)
(1095.0, 10.0) (1095.0, 15.0)
(1095.0, 15.0) (1100.0, 15.0)
(1100.0, 15.0) (1100.0, 20.0)
(1100.0, 20.0) (1105.0, 20.0)
(1105.0, 20.0) (1105.0, 15.0)
(1105.0, 15.0) (1110.0, 15.0)
(1110.0, 15.0) (1110.0, 10.0)
(1110.0, 10.0) (1115.0, 10.0)
(1115.0, 10.0) (1115.0, 5.0)
(1115.0, 5.0) (1110.0, 5.0)
(1110.0, 5.0) (1110.0, -0.0)
(1110.0, -0.0) (1115.0, -0.0)
(1115.0, -0.0) (1115.0, 5.0)
(1115.0, 5.0) (1120.0, 5.0)
(1120.0, 5.0) (1120.0, -0.0)
(1120.0, -0.0) (1125.0, -0.0)
(1125.0, -0.0) (1125.0, 5.0)
(1125.0, 5.0) (1120.0, 5.0)
(1120.0, 5.0) (1120.0, 10.0)
(1120.0, 10.0) (1125.0, 10.0)
(1125.0, 10.0) (1125.0, 15.0)
(1125.0, 15.0) (1120.0, 15.0)
(1120.0, 15.0) (1120.0, 10.0)
(1120.0, 10.0) (1115.0, 10.0)
(1115.0, 10.0) (1115.0, 15.0)
(1115.0, 15.0) (1110.0, 15.0)
(1110.0, 15.0) (1110.0, 20.0)
(1110.0, 20.0) (1105.0, 20.0)
(1105.0, 20.0) (1105.0, 25.0)
(1105.0, 25.0) (1110.0, 25.0)
(1110.0, 25.0) (1110.0, 30.0)
(1110.0, 30.0) (1115.0, 30.0)
(1115.0, 30.0) (1115.0, 35.0)
(1115.0, 35.0) (1120.0, 35.0)
(1120.0, 35.0) (1120.0, 30.0)
(1120.0, 30.0) (1125.0, 30.0)
(1125.0, 30.0) (1125.0, 35.0)
(1125.0, 35.0) (1120.0, 35.0)
(1120.0, 35.0) (1120.0, 40.0)
(1120.0, 40.0) (1125.0, 40.0)
(1125.0, 40.0) (1125.0, 45.0)
(1125.0, 45.0) (1130.0, 45.0)
(1130.0, 45.0) (1130.0, 50.0)
(1130.0, 50.0) (1135.0, 50.0)
(1135.0, 50.0) (1135.0, 45.0)
(1135.0, 45.0) (1140.0, 45.0)
(1140.0, 45.0) (1140.0, 50.0)
(1140.0, 50.0) (1135.0, 50.0)
(1135.0, 50.0) (1135.0, 55.0)
(1135.0, 55.0) (1140.0, 55.0)
(1140.0, 55.0) (1140.0, 60.0)
(1140.0, 60.0) (1145.0, 60.0)
(1145.0, 60.0) (1145.0, 65.0)
(1145.0, 65.0) (1150.0, 65.0)
(1150.0, 65.0) (1150.0, 60.0)
(1150.0, 60.0) (1155.0, 60.0)
(1155.0, 60.0) (1155.0, 55.0)
(1155.0, 55.0) (1160.0, 55.0)
(1160.0, 55.0) (1160.0, 50.0)
(1160.0, 50.0) (1155.0, 50.0)
(1155.0, 50.0) (1155.0, 45.0)
(1155.0, 45.0) (1160.0, 45.0)
(1160.0, 45.0) (1160.0, 50.0)
(1160.0, 50.0) (1165.0, 50.0)
(1165.0, 50.0) (1165.0, 45.0)
(1165.0, 45.0) (1170.0, 45.0)
(1170.0, 45.0) (1170.0, 40.0)
(1170.0, 40.0) (1175.0, 40.0)
(1175.0, 40.0) (1175.0, 35.0)
(1175.0, 35.0) (1170.0, 35.0)
(1170.0, 35.0) (1170.0, 30.0)
(1170.0, 30.0) (1175.0, 30.0)
(1175.0, 30.0) (1175.0, 35.0)
(1175.0, 35.0) (1180.0, 35.0)
(1180.0, 35.0) (1180.0, 30.0)
(1180.0, 30.0) (1185.0, 30.0)
(1185.0, 30.0) (1185.0, 25.0)
(1185.0, 25.0) (1190.0, 25.0)
(1190.0, 25.0) (1190.0, 20.0)
(1190.0, 20.0) (1185.0, 20.0)
(1185.0, 20.0) (1185.0, 15.0)
(1185.0, 15.0) (1180.0, 15.0)
(1180.0, 15.0) (1180.0, 10.0)
(1180.0, 10.0) (1175.0, 10.0)
(1175.0, 10.0) (1175.0, 15.0)
(1175.0, 15.0) (1170.0, 15.0)
(1170.0, 15.0) (1170.0, 10.0)
(1170.0, 10.0) (1175.0, 10.0)
(1175.0, 10.0) (1175.0, 5.0)
(1175.0, 5.0) (1170.0, 5.0)
(1170.0, 5.0) (1170.0, -0.0)
(1170.0, -0.0) (1175.0, -0.0)
(1175.0, -0.0) (1175.0, 5.0)
(1175.0, 5.0) (1180.0, 5.0)
(1180.0, 5.0) (1180.0, -0.0)
(1180.0, -0.0) (1185.0, -0.0)
(1185.0, -0.0) (1185.0, 5.0)
(1185.0, 5.0) (1180.0, 5.0)
(1180.0, 5.0) (1180.0, 10.0)
(1180.0, 10.0) (1185.0, 10.0)
(1185.0, 10.0) (1185.0, 15.0)
(1185.0, 15.0) (1190.0, 15.0)
(1190.0, 15.0) (1190.0, 20.0)
(1190.0, 20.0) (1195.0, 20.0)
(1195.0, 20.0) (1195.0, 15.0)
(1195.0, 15.0) (1200.0, 15.0)
(1200.0, 15.0) (1200.0, 10.0)
(1200.0, 10.0) (1205.0, 10.0)
(1205.0, 10.0) (1205.0, 5.0)
(1205.0, 5.0) (1200.0, 5.0)
(1200.0, 5.0) (1200.0, -0.0)
(1200.0, -0.0) (1205.0, -0.0)
(1205.0, -0.0) (1205.0, 5.0)
(1205.0, 5.0) (1210.0, 5.0)
(1210.0, 5.0) (1210.0, -0.0)
(1210.0, -0.0) (1215.0, -0.0)
