(0, 0) (5.0, 0.0)
(5.0, 0.0) (5.0, 5.0)
(5.0, 5.0) (5.0, 10.0)
(5.0, 10.0) (10.0, 10.0)
(10.0, 10.0) (15.0, 10.0)
(15.0, 10.0) (15.0, 5.0)
(15.0, 5.0) (10.0, 5.0)
(10.0, 5.0) (10.0, -0.0)
(10.0, -0.0) (15.0, -0.0)
(15.0, -0.0) (20.0, -0.0)
(20.0, -0.0) (20.0, -5.0)
(20.0, -5.0) (15.0, -5.0)
(15.0, -5.0) (15.0, -10.0)
(15.0, -10.0) (20.0, -10.0)
(20.0, -10.0) (25.0, -10.0)
(25.0, -10.0) (25.0, -5.0)
(25.0, -5.0) (25.0, -0.0)
(25.0, -0.0) (30.0, -0.0)
(30.0, -0.0) (30.0, 5.0)
(30.0, 5.0) (25.0, 5.0)
(25.0, 5.0) (20.0, 5.0)
(20.0, 5.0) (20.0, 10.0)
(20.0, 10.0) (20.0, 15.0)
(20.0, 15.0) (25.0, 15.0)
(25.0, 15.0) (25.0, 10.0)
(25.0, 10.0) (30.0, 10.0)
(30.0, 10.0) (30.0, 15.0)
(30.0, 15.0) (30.0, 20.0)
(30.0, 20.0) (35.0, 20.0)
(35.0, 20.0) (35.0, 15.0)
(35.0, 15.0) (40.0, 15.0)
(40.0, 15.0) (40.0, 20.0)
(40.0, 20.0) (40.0, 25.0)
(40.0, 25.0) (35.0, 25.0)
(35.0, 25.0) (30.0, 25.0)
(30.0, 25.0) (30.0, 30.0)
(30.0, 30.0) (30.0, 35.0)
(30.0, 35.0) (25.0, 35.0)
(25.0, 35.0) (20.0, 35.0)
(20.0, 35.0) (20.0, 40.0)
(20.0, 40.0) (20.0, 45.0)
(20.0, 45.0) (25.0, 45.0)
(25.0, 45.0) (25.0, 40.0)
(25.0, 40.0) (30.0, 40.0)
(30.0, 40.0) (30.0, 45.0)
(30.0, 45.0) (30.0, 50.0)
(30.0, 50.0) (35.0, 50.0)
(35.0, 50.0) (35.0, 45.0)
(35.0, 45.0) (40.0, 45.0)
(40.0, 45.0) (40.0, 50.0)
(40.0, 50.0) (40.0, 55.0)
(40.0, 55.0) (35.0, 55.0)
(35.0, 55.0) (30.0, 55.0)
(30.0, 55.0) (30.0, 60.0)
(30.0, 60.0) (35.0, 60.0)
(35.0, 60.0) (35.0, 65.0)
(35.0, 65.0) (35.0, 70.0)
(35.0, 70.0) (40.0, 70.0)
(40.0, 70.0) (45.0, 70.0)
(45.0, 70.0) (45.0, 65.0)
(45.0, 65.0) (40.0, 65.0)
(40.0, 65.0) (40.0, 60.0)
(40.0, 60.0) (45.0, 60.0)
(45.0, 60.0) (50.0, 60.0)
(50.0, 60.0) (50.0, 55.0)
(50.0, 55.0) (45.0, 55.0)
(45.0, 55.0) (45.0, 50.0)
(45.0, 50.0) (50.0, 50.0)
(50.0, 50.0) (55.0, 50.0)
(55.0, 50.0) (55.0, 55.0)
(55.0, 55.0) (55.0, 60.0)
(55.0, 60.0) (60.0, 60.0)
(60.0, 60.0) (65.0, 60.0)
(65.0, 60.0) (65.0, 65.0)
(65.0, 65.0) (65.0, 70.0)
(65.0, 70.0) (70.0, 70.0)
(70.0, 70.0) (75.0, 70.0)
(75.0, 70.0) (75.0, 65.0)
(75.0, 65.0) (70.0, 65.0)
(70.0, 65.0) (70.0, 60.0)
(70.0, 60.0) (75.0, 60.0)
(75.0, 60.0) (80.0, 60.0)
(80.0, 60.0) (80.0, 55.0)
(80.0, 55.0) (75.0, 55.0)
(75.0, 55.0) (75.0, 50.0)
(75.0, 50.0) (80.0, 50.0)
(80.0, 50.0) (85.0, 50.0)
(85.0, 50.0) (85.0, 55.0)
(85.0, 55.0) (85.0, 60.0)
(85.0, 60.0) (90.0, 60.0)
(90.0, 60.0) (90.0, 55.0)
(90.0, 55.0) (95.0, 55.0)
(95.0, 55.0) (100.0, 55.0)
(100.0, 55.0) (100.0, 50.0)
(100.0, 50.0) (100.0, 45.0)
(100.0, 45.0) (95.0, 45.0)
(95.0, 45.0) (95.0, 50.0)
(95.0, 50.0) (90.0, 50.0)
(90.0, 50.0) (90.0, 45.0)
(90.0, 45.0) (90.0, 40.0)
(90.0, 40.0) (85.0, 40.0)
(85.0, 40.0) (85.0, 45.0)
(85.0, 45.0) (80.0, 45.0)
(80.0, 45.0) (80.0, 40.0)
(80.0, 40.0) (80.0, 35.0)
(80.0, 35.0) (85.0, 35.0)
(85.0, 35.0) (90.0, 35.0)
(90.0, 35.0) (90.0, 30.0)
(90.0, 30.0) (85.0, 30.0)
(85.0, 30.0) (85.0, 25.0)
(85.0, 25.0) (85.0, 20.0)
(85.0, 20.0) (80.0, 20.0)
(80.0, 20.0) (75.0, 20.0)
(75.0, 20.0) (75.0, 25.0)
(75.0, 25.0) (80.0, 25.0)
(80.0, 25.0) (80.0, 30.0)
(80.0, 30.0) (75.0, 30.0)
(75.0, 30.0) (70.0, 30.0)
(70.0, 30.0) (70.0, 35.0)
(70.0, 35.0) (75.0, 35.0)
(75.0, 35.0) (75.0, 40.0)
(75.0, 40.0) (70.0, 40.0)
(70.0, 40.0) (65.0, 40.0)
(65.0, 40.0) (65.0, 35.0)
(65.0, 35.0) (65.0, 30.0)
(65.0, 30.0) (60.0, 30.0)
(60.0, 30.0) (60.0, 25.0)
(60.0, 25.0) (65.0, 25.0)
(65.0, 25.0) (70.0, 25.0)
(70.0, 25.0) (70.0, 20.0)
(70.0, 20.0) (70.0, 15.0)
(70.0, 15.0) (65.0, 15.0)
(65.0, 15.0) (65.0, 20.0)
(65.0, 20.0) (60.0, 20.0)
(60.0, 20.0) (60.0, 15.0)
(60.0, 15.0) (60.0, 10.0)
(60.0, 10.0) (55.0, 10.0)
(55.0, 10.0) (55.0, 15.0)
(55.0, 15.0) (50.0, 15.0)
(50.0, 15.0) (50.0, 10.0)
(50.0, 10.0) (50.0, 5.0)
(50.0, 5.0) (55.0, 5.0)
(55.0, 5.0) (60.0, 5.0)
(60.0, 5.0) (60.0, 0.0)
(60.0, 0.0) (65.0, 0.0)
(65.0, 0.0) (65.0, 5.0)
(65.0, 5.0) (65.0, 10.0)
(65.0, 10.0) (70.0, 10.0)
(70.0, 10.0) (75.0, 10.0)
(75.0, 10.0) (75.0, 5.0)
(75.0, 5.0) (70.0, 5.0)
(70.0, 5.0) (70.0, -0.0)
(70.0, -0.0) (75.0, -0.0)
(75.0, -0.0) (80.0, -0.0)
(80.0, -0.0) (80.0, -5.0)
(80.0, -5.0) (75.0, -5.0)
(75.0, -5.0) (75.0, -10.0)
(75.0, -10.0) (80.0, -10.0)
(80.0, -10.0) (85.0, -10.0)
(85.0, -10.0) (85.0, -5.0)
(85.0, -5.0) (85.0, -0.0)
(85.0, -0.0) (90.0, -0.0)
(90.0, -0.0) (95.0, -0.0)
(95.0, -0.0) (95.0, 5.0)
(95.0, 5.0) (95.0, 10.0)
(95.0, 10.0) (100.0, 10.0)
(100.0, 10.0) (105.0, 10.0)
(105.0, 10.0) (105.0, 5.0)
(105.0, 5.0) (100.0, 5.0)
(100.0, 5.0) (100.0, -0.0)
(100.0, -0.0) (105.0, -0.0)
(105.0, -0.0) (110.0, -0.0)
(110.0, -0.0) (110.0, -5.0)
(110.0, -5.0) (105.0, -5.0)
(105.0, -5.0) (105.0, -10.0)
(105.0, -10.0) (110.0, -10.0)
(110.0, -10.0) (115.0, -10.0)
(115.0, -10.0) (115.0, -5.0)
(115.0, -5.0) (115.0, -0.0)
(115.0, -0.0) (120.0, -0.0)
(120.0, -0.0) (120.0, -5.0)
(120.0, -5.0) (125.0, -5.0)
(125.0, -5.0) (130.0, -5.0)
(130.0, -5.0) (130.0, -10.0)
(130.0, -10.0) (130.0, -15.0)
(130.0, -15.0) (125.0, -15.0)
(125.0, -15.0) (125.0, -10.0)
(125.0, -10.0) (120.0, -10.0)
(120.0, -10.0) (120.0, -15.0)
(120.0, -15.0) (120.0, -20.0)
(120.0, -20.0) (115.0, -20.0)
(115.0, -20.0) (115.0, -15.0)
(115.0, -15.0) (110.0, -15.0)
(110.0, -15.0) (110.0, -20.0)
(110.0, -20.0) (110.0, -25.0)
(110.0, -25.0) (115.0, -25.0)
(115.0, -25.0) (120.0, -25.0)
(120.0, -25.0) (120.0, -30.0)
(120.0, -30.0) (115.0, -30.0)
(115.0, -30.0) (115.0, -35.0)
(115.0, -35.0) (115.0, -40.0)
(115.0, -40.0) (110.0, -40.0)
(110.0, -40.0) (105.0, -40.0)
(105.0, -40.0) (105.0, -35.0)
(105.0, -35.0) (110.0, -35.0)
(110.0, -35.0) (110.0, -30.0)
(110.0, -30.0) (105.0, -30.0)
(105.0, -30.0) (100.0, -30.0)
(100.0, -30.0) (100.0, -25.0)
(100.0, -25.0) (105.0, -25.0)
(105.0, -25.0) (105.0, -20.0)
(105.0, -20.0) (100.0, -20.0)
(100.0, -20.0) (95.0, -20.0)
(95.0, -20.0) (95.0, -25.0)
(95.0, -25.0) (95.0, -30.0)
(95.0, -30.0) (90.0, -30.0)
(90.0, -30.0) (90.0, -35.0)
(90.0, -35.0) (95.0, -35.0)
(95.0, -35.0) (100.0, -35.0)
(100.0, -35.0) (100.0, -40.0)
(100.0, -40.0) (100.0, -45.0)
(100.0, -45.0) (95.0, -45.0)
(95.0, -45.0) (95.0, -40.0)
(95.0, -40.0) (90.0, -40.0)
(90.0, -40.0) (90.0, -45.0)
(90.0, -45.0) (90.0, -50.0)
(90.0, -50.0) (85.0, -50.0)
(85.0, -50.0) (85.0, -45.0)
(85.0, -45.0) (80.0, -45.0)
(80.0, -45.0) (80.0, -50.0)
(80.0, -50.0) (80.0, -55.0)
(80.0, -55.0) (85.0, -55.0)
(85.0, -55.0) (90.0, -55.0)
(90.0, -55.0) (90.0, -60.0)
(90.0, -60.0) (95.0, -60.0)
(95.0, -60.0) (95.0, -55.0)
(95.0, -55.0) (95.0, -50.0)
(95.0, -50.0) (100.0, -50.0)
(100.0, -50.0) (105.0, -50.0)
(105.0, -50.0) (105.0, -55.0)
(105.0, -55.0) (100.0, -55.0)
(100.0, -55.0) (100.0, -60.0)
(100.0, -60.0) (105.0, -60.0)
(105.0, -60.0) (110.0, -60.0)
(110.0, -60.0) (110.0, -65.0)
(110.0, -65.0) (105.0, -65.0)
(105.0, -65.0) (105.0, -70.0)
(105.0, -70.0) (110.0, -70.0)
(110.0, -70.0) (115.0, -70.0)
(115.0, -70.0) (115.0, -65.0)
(115.0, -65.0) (115.0, -60.0)
(115.0, -60.0) (120.0, -60.0)
(120.0, -60.0) (125.0, -60.0)
(125.0, -60.0) (125.0, -55.0)
(125.0, -55.0) (125.0, -50.0)
(125.0, -50.0) (130.0, -50.0)
(130.0, -50.0) (135.0, -50.0)
(135.0, -50.0) (135.0, -55.0)
(135.0, -55.0) (130.0, -55.0)
(130.0, -55.0) (130.0, -60.0)
(130.0, -60.0) (135.0, -60.0)
(135.0, -60.0) (140.0, -60.0)
(140.0, -60.0) (140.0, -65.0)
(140.0, -65.0) (135.0, -65.0)
(135.0, -65.0) (135.0, -70.0)
(135.0, -70.0) (140.0, -70.0)
(140.0, -70.0) (145.0, -70.0)
(145.0, -70.0) (145.0, -65.0)
(145.0, -65.0) (145.0, -60.0)
(145.0, -60.0) (150.0, -60.0)
(150.0, -60.0) (150.0, -55.0)
(150.0, -55.0) (145.0, -55.0)
(145.0, -55.0) (140.0, -55.0)
(140.0, -55.0) (140.0, -50.0)
(140.0, -50.0) (140.0, -45.0)
(140.0, -45.0) (145.0, -45.0)
(145.0, -45.0) (145.0, -50.0)
(145.0, -50.0) (150.0, -50.0)
(150.0, -50.0) (150.0, -45.0)
(150.0, -45.0) (150.0, -40.0)
(150.0, -40.0) (155.0, -40.0)
(155.0, -40.0) (155.0, -45.0)
(155.0, -45.0) (160.0, -45.0)
(160.0, -45.0) (160.0, -40.0)
(160.0, -40.0) (160.0, -35.0)
(160.0, -35.0) (155.0, -35.0)
(155.0, -35.0) (150.0, -35.0)
(150.0, -35.0) (150.0, -30.0)
(150.0, -30.0) (150.0, -25.0)
(150.0, -25.0) (145.0, -25.0)
(145.0, -25.0) (140.0, -25.0)
(140.0, -25.0) (140.0, -20.0)
(140.0, -20.0) (140.0, -15.0)
(140.0, -15.0) (145.0, -15.0)
(145.0, -15.0) (145.0, -20.0)
(145.0, -20.0) (150.0, -20.0)
(150.0, -20.0) (150.0, -15.0)
(150.0, -15.0) (150.0, -10.0)
(150.0, -10.0) (155.0, -10.0)
(155.0, -10.0) (155.0, -15.0)
(155.0, -15.0) (160.0, -15.0)
(160.0, -15.0) (160.0, -10.0)
(160.0, -10.0) (160.0, -5.0)
(160.0, -5.0) (155.0, -5.0)
(155.0, -5.0) (150.0, -5.0)
(150.0, -5.0) (150.0, 0.0)
(150.0, 0.0) (155.0, 0.0)
(155.0, 0.0) (155.0, 5.0)
(155.0, 5.0) (155.0, 10.0)
(155.0, 10.0) (160.0, 10.0)
(160.0, 10.0) (165.0, 10.0)
(165.0, 10.0) (165.0, 5.0)
(165.0, 5.0) (160.0, 5.0)
(160.0, 5.0) (160.0, 0.0)
(160.0, 0.0) (165.0, 0.0)
(165.0, 0.0) (170.0, 0.0)
(170.0, 0.0) (170.0, -5.0)
(170.0, -5.0) (165.0, -5.0)
(165.0, -5.0) (165.0, -10.0)
(165.0, -10.0) (170.0, -10.0)
(170.0, -10.0) (175.0, -10.0)
(175.0, -10.0) (175.0, -5.0)
(175.0, -5.0) (175.0, 0.0)
(175.0, 0.0) (180.0, 0.0)
(180.0, 0.0) (180.0, -5.0)
(180.0, -5.0) (185.0, -5.0)
(185.0, -5.0) (190.0, -5.0)
(190.0, -5.0) (190.0, -10.0)
(190.0, -10.0) (190.0, -15.0)
(190.0, -15.0) (185.0, -15.0)
(185.0, -15.0) (185.0, -10.0)
(185.0, -10.0) (180.0, -10.0)
(180.0, -10.0) (180.0, -15.0)
(180.0, -15.0) (180.0, -20.0)
(180.0, -20.0) (175.0, -20.0)
(175.0, -20.0) (175.0, -15.0)
(175.0, -15.0) (170.0, -15.0)
(170.0, -15.0) (170.0, -20.0)
(170.0, -20.0) (170.0, -25.0)
(170.0, -25.0) (175.0, -25.0)
(175.0, -25.0) (180.0, -25.0)
(180.0, -25.0) (180.0, -30.0)
(180.0, -30.0) (185.0, -30.0)
(185.0, -30.0) (185.0, -25.0)
(185.0, -25.0) (185.0, -20.0)
(185.0, -20.0) (190.0, -20.0)
(190.0, -20.0) (195.0, -20.0)
(195.0, -20.0) (195.0, -25.0)
(195.0, -25.0) (190.0, -25.0)
(190.0, -25.0) (190.0, -30.0)
(190.0, -30.0) (195.0, -30.0)
(195.0, -30.0) (200.0, -30.0)
(200.0, -30.0) (200.0, -35.0)
(200.0, -35.0) (195.0, -35.0)
(195.0, -35.0) (195.0, -40.0)
(195.0, -40.0) (200.0, -40.0)
(200.0, -40.0) (205.0, -40.0)
(205.0, -40.0) (205.0, -35.0)
(205.0, -35.0) (205.0, -30.0)
(205.0, -30.0) (210.0, -30.0)
(210.0, -30.0) (215.0, -30.0)
(215.0, -30.0) (215.0, -25.0)
(215.0, -25.0) (215.0, -20.0)
(215.0, -20.0) (220.0, -20.0)
(220.0, -20.0) (225.0, -20.0)
(225.0, -20.0) (225.0, -25.0)
(225.0, -25.0) (220.0, -25.0)
(220.0, -25.0) (220.0, -30.0)
(220.0, -30.0) (225.0, -30.0)
(225.0, -30.0) (230.0, -30.0)
(230.0, -30.0) (230.0, -35.0)
(230.0, -35.0) (225.0, -35.0)
(225.0, -35.0) (225.0, -40.0)
(225.0, -40.0) (230.0, -40.0)
(230.0, -40.0) (235.0, -40.0)
(235.0, -40.0) (235.0, -35.0)
(235.0, -35.0) (235.0, -30.0)
(235.0, -30.0) (240.0, -30.0)
(240.0, -30.0) (240.0, -35.0)
(240.0, -35.0) (245.0, -35.0)
(245.0, -35.0) (250.0, -35.0)
(250.0, -35.0) (250.0, -40.0)
(250.0, -40.0) (250.0, -45.0)
(250.0, -45.0) (245.0, -45.0)
(245.0, -45.0) (245.0, -40.0)
(245.0, -40.0) (240.0, -40.0)
(240.0, -40.0) (240.0, -45.0)
(240.0, -45.0) (240.0, -50.0)
(240.0, -50.0) (235.0, -50.0)
(235.0, -50.0) (235.0, -45.0)
(235.0, -45.0) (230.0, -45.0)
(230.0, -45.0) (230.0, -50.0)
(230.0, -50.0) (230.0, -55.0)
(230.0, -55.0) (235.0, -55.0)
(235.0, -55.0) (240.0, -55.0)
(240.0, -55.0) (240.0, -60.0)
(240.0, -60.0) (240.0, -65.0)
(240.0, -65.0) (245.0, -65.0)
(245.0, -65.0) (250.0, -65.0)
(250.0, -65.0) (250.0, -70.0)
(250.0, -70.0) (250.0, -75.0)
(250.0, -75.0) (245.0, -75.0)
(245.0, -75.0) (245.0, -70.0)
(245.0, -70.0) (240.0, -70.0)
(240.0, -70.0) (240.0, -75.0)
(240.0, -75.0) (240.0, -80.0)
(240.0, -80.0) (235.0, -80.0)
(235.0, -80.0) (235.0, -75.0)
(235.0, -75.0) (230.0, -75.0)
(230.0, -75.0) (230.0, -80.0)
(230.0, -80.0) (230.0, -85.0)
(230.0, -85.0) (235.0, -85.0)
(235.0, -85.0) (240.0, -85.0)
(240.0, -85.0) (240.0, -90.0)
(240.0, -90.0) (235.0, -90.0)
(235.0, -90.0) (235.0, -95.0)
(235.0, -95.0) (235.0, -100.0)
(235.0, -100.0) (230.0, -100.0)
(230.0, -100.0) (225.0, -100.0)
(225.0, -100.0) (225.0, -95.0)
(225.0, -95.0) (230.0, -95.0)
(230.0, -95.0) (230.0, -90.0)
(230.0, -90.0) (225.0, -90.0)
(225.0, -90.0) (220.0, -90.0)
(220.0, -90.0) (220.0, -85.0)
(220.0, -85.0) (225.0, -85.0)
(225.0, -85.0) (225.0, -80.0)
(225.0, -80.0) (220.0, -80.0)
(220.0, -80.0) (215.0, -80.0)
(215.0, -80.0) (215.0, -85.0)
(215.0, -85.0) (215.0, -90.0)
(215.0, -90.0) (210.0, -90.0)
(210.0, -90.0) (210.0, -85.0)
(210.0, -85.0) (205.0, -85.0)
(205.0, -85.0) (200.0, -85.0)
(200.0, -85.0) (200.0, -80.0)
(200.0, -80.0) (200.0, -75.0)
(200.0, -75.0) (205.0, -75.0)
(205.0, -75.0) (205.0, -80.0)
(205.0, -80.0) (210.0, -80.0)
(210.0, -80.0) (210.0, -75.0)
(210.0, -75.0) (210.0, -70.0)
(210.0, -70.0) (215.0, -70.0)
(215.0, -70.0) (215.0, -75.0)
(215.0, -75.0) (220.0, -75.0)
(220.0, -75.0) (220.0, -70.0)
(220.0, -70.0) (220.0, -65.0)
(220.0, -65.0) (215.0, -65.0)
(215.0, -65.0) (210.0, -65.0)
(210.0, -65.0) (210.0, -60.0)
(210.0, -60.0) (205.0, -60.0)
(205.0, -60.0) (205.0, -65.0)
(205.0, -65.0) (205.0, -70.0)
(205.0, -70.0) (200.0, -70.0)
(200.0, -70.0) (195.0, -70.0)
(195.0, -70.0) (195.0, -65.0)
(195.0, -65.0) (200.0, -65.0)
(200.0, -65.0) (200.0, -60.0)
(200.0, -60.0) (195.0, -60.0)
(195.0, -60.0) (190.0, -60.0)
(190.0, -60.0) (190.0, -55.0)
(190.0, -55.0) (195.0, -55.0)
(195.0, -55.0) (195.0, -50.0)
(195.0, -50.0) (190.0, -50.0)
(190.0, -50.0) (185.0, -50.0)
(185.0, -50.0) (185.0, -55.0)
(185.0, -55.0) (185.0, -60.0)
(185.0, -60.0) (180.0, -60.0)
(180.0, -60.0) (180.0, -65.0)
(180.0, -65.0) (185.0, -65.0)
(185.0, -65.0) (190.0, -65.0)
(190.0, -65.0) (190.0, -70.0)
(190.0, -70.0) (190.0, -75.0)
(190.0, -75.0) (185.0, -75.0)
(185.0, -75.0) (185.0, -70.0)
(185.0, -70.0) (180.0, -70.0)
(180.0, -70.0) (180.0, -75.0)
(180.0, -75.0) (180.0, -80.0)
(180.0, -80.0) (175.0, -80.0)
(175.0, -80.0) (175.0, -75.0)
(175.0, -75.0) (170.0, -75.0)
(170.0, -75.0) (170.0, -80.0)
(170.0, -80.0) (170.0, -85.0)
(170.0, -85.0) (175.0, -85.0)
(175.0, -85.0) (180.0, -85.0)
(180.0, -85.0) (180.0, -90.0)
(180.0, -90.0) (180.0, -95.0)
(180.0, -95.0) (185.0, -95.0)
(185.0, -95.0) (190.0, -95.0)
(190.0, -95.0) (190.0, -100.0)
(190.0, -100.0) (190.0, -105.0)
(190.0, -105.0) (185.0, -105.0)
(185.0, -105.0) (185.0, -100.0)
(185.0, -100.0) (180.0, -100.0)
(180.0, -100.0) (180.0, -105.0)
(180.0, -105.0) (180.0, -110.0)
(180.0, -110.0) (175.0, -110.0)
(175.0, -110.0) (175.0, -105.0)
(175.0, -105.0) (170.0, -105.0)
(170.0, -105.0) (170.0, -110.0)
(170.0, -110.0) (170.0, -115.0)
(170.0, -115.0) (175.0, -115.0)
(175.0, -115.0) (180.0, -115.0)
(180.0, -115.0) (180.0, -120.0)
(180.0, -120.0) (175.0, -120.0)
(175.0, -120.0) (175.0, -125.0)
(175.0, -125.0) (175.0, -130.0)
(175.0, -130.0) (170.0, -130.0)
(170.0, -130.0) (165.0, -130.0)
(165.0, -130.0) (165.0, -125.0)
(165.0, -125.0) (170.0, -125.0)
(170.0, -125.0) (170.0, -120.0)
(170.0, -120.0) (165.0, -120.0)
(165.0, -120.0) (160.0, -120.0)
(160.0, -120.0) (160.0, -115.0)
(160.0, -115.0) (165.0, -115.0)
(165.0, -115.0) (165.0, -110.0)
(165.0, -110.0) (160.0, -110.0)
(160.0, -110.0) (155.0, -110.0)
(155.0, -110.0) (155.0, -115.0)
(155.0, -115.0) (155.0, -120.0)
(155.0, -120.0) (150.0, -120.0)
(150.0, -120.0) (150.0, -115.0)
(150.0, -115.0) (145.0, -115.0)
(145.0, -115.0) (140.0, -115.0)
(140.0, -115.0) (140.0, -110.0)
(140.0, -110.0) (140.0, -105.0)
(140.0, -105.0) (145.0, -105.0)
(145.0, -105.0) (145.0, -110.0)
(145.0, -110.0) (150.0, -110.0)
(150.0, -110.0) (150.0, -105.0)
(150.0, -105.0) (150.0, -100.0)
(150.0, -100.0) (155.0, -100.0)
(155.0, -100.0) (155.0, -105.0)
(155.0, -105.0) (160.0, -105.0)
(160.0, -105.0) (160.0, -100.0)
(160.0, -100.0) (160.0, -95.0)
(160.0, -95.0) (155.0, -95.0)
(155.0, -95.0) (150.0, -95.0)
(150.0, -95.0) (150.0, -90.0)
(150.0, -90.0) (145.0, -90.0)
(145.0, -90.0) (145.0, -95.0)
(145.0, -95.0) (145.0, -100.0)
(145.0, -100.0) (140.0, -100.0)
(140.0, -100.0) (135.0, -100.0)
(135.0, -100.0) (135.0, -95.0)
(135.0, -95.0) (140.0, -95.0)
(140.0, -95.0) (140.0, -90.0)
(140.0, -90.0) (135.0, -90.0)
(135.0, -90.0) (130.0, -90.0)
(130.0, -90.0) (130.0, -85.0)
(130.0, -85.0) (135.0, -85.0)
(135.0, -85.0) (135.0, -80.0)
(135.0, -80.0) (130.0, -80.0)
(130.0, -80.0) (125.0, -80.0)
(125.0, -80.0) (125.0, -85.0)
(125.0, -85.0) (125.0, -90.0)
(125.0, -90.0) (120.0, -90.0)
(120.0, -90.0) (120.0, -95.0)
(120.0, -95.0) (125.0, -95.0)
(125.0, -95.0) (130.0, -95.0)
(130.0, -95.0) (130.0, -100.0)
(130.0, -100.0) (130.0, -105.0)
(130.0, -105.0) (125.0, -105.0)
(125.0, -105.0) (125.0, -100.0)
(125.0, -100.0) (120.0, -100.0)
(120.0, -100.0) (120.0, -105.0)
(120.0, -105.0) (120.0, -110.0)
(120.0, -110.0) (115.0, -110.0)
(115.0, -110.0) (115.0, -105.0)
(115.0, -105.0) (110.0, -105.0)
(110.0, -105.0) (110.0, -110.0)
(110.0, -110.0) (110.0, -115.0)
(110.0, -115.0) (115.0, -115.0)
(115.0, -115.0) (120.0, -115.0)
(120.0, -115.0) (120.0, -120.0)
(120.0, -120.0) (120.0, -125.0)
(120.0, -125.0) (125.0, -125.0)
(125.0, -125.0) (130.0, -125.0)
(130.0, -125.0) (130.0, -130.0)
(130.0, -130.0) (130.0, -135.0)
(130.0, -135.0) (125.0, -135.0)
(125.0, -135.0) (125.0, -130.0)
(125.0, -130.0) (120.0, -130.0)
(120.0, -130.0) (120.0, -135.0)
(120.0, -135.0) (120.0, -140.0)
(120.0, -140.0) (115.0, -140.0)
(115.0, -140.0) (115.0, -135.0)
(115.0, -135.0) (110.0, -135.0)
(110.0, -135.0) (110.0, -140.0)
(110.0, -140.0) (110.0, -145.0)
(110.0, -145.0) (115.0, -145.0)
(115.0, -145.0) (120.0, -145.0)
(120.0, -145.0) (120.0, -150.0)
(120.0, -150.0) (125.0, -150.0)
(125.0, -150.0) (125.0, -145.0)
(125.0, -145.0) (125.0, -140.0)
(125.0, -140.0) (130.0, -140.0)
(130.0, -140.0) (135.0, -140.0)
(135.0, -140.0) (135.0, -145.0)
(135.0, -145.0) (130.0, -145.0)
(130.0, -145.0) (130.0, -150.0)
(130.0, -150.0) (135.0, -150.0)
(135.0, -150.0) (140.0, -150.0)
(140.0, -150.0) (140.0, -155.0)
(140.0, -155.0) (135.0, -155.0)
(135.0, -155.0) (135.0, -160.0)
(135.0, -160.0) (140.0, -160.0)
(140.0, -160.0) (145.0, -160.0)
(145.0, -160.0) (145.0, -155.0)
(145.0, -155.0) (145.0, -150.0)
(145.0, -150.0) (150.0, -150.0)
(150.0, -150.0) (155.0, -150.0)
(155.0, -150.0) (155.0, -145.0)
(155.0, -145.0) (155.0, -140.0)
(155.0, -140.0) (160.0, -140.0)
(160.0, -140.0) (165.0, -140.0)
(165.0, -140.0) (165.0, -145.0)
(165.0, -145.0) (160.0, -145.0)
(160.0, -145.0) (160.0, -150.0)
(160.0, -150.0) (165.0, -150.0)
(165.0, -150.0) (170.0, -150.0)
(170.0, -150.0) (170.0, -155.0)
(170.0, -155.0) (165.0, -155.0)
(165.0, -155.0) (165.0, -160.0)
(165.0, -160.0) (170.0, -160.0)
(170.0, -160.0) (175.0, -160.0)
(175.0, -160.0) (175.0, -155.0)
(175.0, -155.0) (175.0, -150.0)
(175.0, -150.0) (180.0, -150.0)
(180.0, -150.0) (180.0, -155.0)
(180.0, -155.0) (185.0, -155.0)
(185.0, -155.0) (190.0, -155.0)
(190.0, -155.0) (190.0, -160.0)
(190.0, -160.0) (190.0, -165.0)
(190.0, -165.0) (185.0, -165.0)
(185.0, -165.0) (185.0, -160.0)
(185.0, -160.0) (180.0, -160.0)
(180.0, -160.0) (180.0, -165.0)
(180.0, -165.0) (180.0, -170.0)
(180.0, -170.0) (175.0, -170.0)
(175.0, -170.0) (175.0, -165.0)
(175.0, -165.0) (170.0, -165.0)
(170.0, -165.0) (170.0, -170.0)
(170.0, -170.0) (170.0, -175.0)
(170.0, -175.0) (175.0, -175.0)
(175.0, -175.0) (180.0, -175.0)
(180.0, -175.0) (180.0, -180.0)
(180.0, -180.0) (175.0, -180.0)
(175.0, -180.0) (175.0, -185.0)
(175.0, -185.0) (175.0, -190.0)
(175.0, -190.0) (170.0, -190.0)
(170.0, -190.0) (165.0, -190.0)
(165.0, -190.0) (165.0, -185.0)
(165.0, -185.0) (170.0, -185.0)
(170.0, -185.0) (170.0, -180.0)
(170.0, -180.0) (165.0, -180.0)
(165.0, -180.0) (160.0, -180.0)
(160.0, -180.0) (160.0, -175.0)
(160.0, -175.0) (165.0, -175.0)
(165.0, -175.0) (165.0, -170.0)
(165.0, -170.0) (160.0, -170.0)
(160.0, -170.0) (155.0, -170.0)
(155.0, -170.0) (155.0, -175.0)
(155.0, -175.0) (155.0, -180.0)
(155.0, -180.0) (150.0, -180.0)
(150.0, -180.0) (150.0, -185.0)
(150.0, -185.0) (155.0, -185.0)
(155.0, -185.0) (160.0, -185.0)
(160.0, -185.0) (160.0, -190.0)
(160.0, -190.0) (160.0, -195.0)
(160.0, -195.0) (155.0, -195.0)
(155.0, -195.0) (155.0, -190.0)
(155.0, -190.0) (150.0, -190.0)
(150.0, -190.0) (150.0, -195.0)
(150.0, -195.0) (150.0, -200.0)
(150.0, -200.0) (145.0, -200.0)
(145.0, -200.0) (145.0, -195.0)
(145.0, -195.0) (140.0, -195.0)
(140.0, -195.0) (140.0, -200.0)
(140.0, -200.0) (140.0, -205.0)
(140.0, -205.0) (145.0, -205.0)
(145.0, -205.0) (150.0, -205.0)
(150.0, -205.0) (150.0, -210.0)
(150.0, -210.0) (150.0, -215.0)
(150.0, -215.0) (155.0, -215.0)
(155.0, -215.0) (160.0, -215.0)
(160.0, -215.0) (160.0, -220.0)
(160.0, -220.0) (160.0, -225.0)
(160.0, -225.0) (155.0, -225.0)
(155.0, -225.0) (155.0, -220.0)
(155.0, -220.0) (150.0, -220.0)
(150.0, -220.0) (150.0, -225.0)
(150.0, -225.0) (150.0, -230.0)
(150.0, -230.0) (145.0, -230.0)
(145.0, -230.0) (145.0, -225.0)
(145.0, -225.0) (140.0, -225.0)
(140.0, -225.0) (140.0, -230.0)
(140.0, -230.0) (140.0, -235.0)
(140.0, -235.0) (145.0, -235.0)
(145.0, -235.0) (150.0, -235.0)
(150.0, -235.0) (150.0, -240.0)
(150.0, -240.0) (145.0, -240.0)
(145.0, -240.0) (145.0, -245.0)
(145.0, -245.0) (145.0, -250.0)
(145.0, -250.0) (140.0, -250.0)
(140.0, -250.0) (135.0, -250.0)
(135.0, -250.0) (135.0, -245.0)
(135.0, -245.0) (140.0, -245.0)
(140.0, -245.0) (140.0, -240.0)
(140.0, -240.0) (135.0, -240.0)
(135.0, -240.0) (130.0, -240.0)
(130.0, -240.0) (130.0, -235.0)
(130.0, -235.0) (135.0, -235.0)
(135.0, -235.0) (135.0, -230.0)
(135.0, -230.0) (130.0, -230.0)
(130.0, -230.0) (125.0, -230.0)
(125.0, -230.0) (125.0, -235.0)
(125.0, -235.0) (125.0, -240.0)
(125.0, -240.0) (120.0, -240.0)
(120.0, -240.0) (115.0, -240.0)
(115.0, -240.0) (115.0, -245.0)
(115.0, -245.0) (115.0, -250.0)
(115.0, -250.0) (110.0, -250.0)
(110.0, -250.0) (105.0, -250.0)
(105.0, -250.0) (105.0, -245.0)
(105.0, -245.0) (110.0, -245.0)
(110.0, -245.0) (110.0, -240.0)
(110.0, -240.0) (105.0, -240.0)
(105.0, -240.0) (100.0, -240.0)
(100.0, -240.0) (100.0, -235.0)
(100.0, -235.0) (105.0, -235.0)
(105.0, -235.0) (105.0, -230.0)
(105.0, -230.0) (100.0, -230.0)
(100.0, -230.0) (95.0, -230.0)
(95.0, -230.0) (95.0, -235.0)
(95.0, -235.0) (95.0, -240.0)
(95.0, -240.0) (90.0, -240.0)
(90.0, -240.0) (90.0, -235.0)
(90.0, -235.0) (85.0, -235.0)
(85.0, -235.0) (80.0, -235.0)
(80.0, -235.0) (80.0, -230.0)
(80.0, -230.0) (80.0, -225.0)
(80.0, -225.0) (85.0, -225.0)
(85.0, -225.0) (85.0, -230.0)
(85.0, -230.0) (90.0, -230.0)
(90.0, -230.0) (90.0, -225.0)
(90.0, -225.0) (90.0, -220.0)
(90.0, -220.0) (95.0, -220.0)
(95.0, -220.0) (95.0, -225.0)
(95.0, -225.0) (100.0, -225.0)
(100.0, -225.0) (100.0, -220.0)
(100.0, -220.0) (100.0, -215.0)
(100.0, -215.0) (95.0, -215.0)
(95.0, -215.0) (90.0, -215.0)
(90.0, -215.0) (90.0, -210.0)
(90.0, -210.0) (95.0, -210.0)
(95.0, -210.0) (95.0, -205.0)
(95.0, -205.0) (95.0, -200.0)
(95.0, -200.0) (100.0, -200.0)
(100.0, -200.0) (105.0, -200.0)
(105.0, -200.0) (105.0, -205.0)
(105.0, -205.0) (100.0, -205.0)
(100.0, -205.0) (100.0, -210.0)
(100.0, -210.0) (105.0, -210.0)
(105.0, -210.0) (110.0, -210.0)
(110.0, -210.0) (110.0, -215.0)
(110.0, -215.0) (105.0, -215.0)
(105.0, -215.0) (105.0, -220.0)
(105.0, -220.0) (110.0, -220.0)
(110.0, -220.0) (115.0, -220.0)
(115.0, -220.0) (115.0, -215.0)
(115.0, -215.0) (115.0, -210.0)
(115.0, -210.0) (120.0, -210.0)
(120.0, -210.0) (120.0, -205.0)
(120.0, -205.0) (115.0, -205.0)
(115.0, -205.0) (110.0, -205.0)
(110.0, -205.0) (110.0, -200.0)
(110.0, -200.0) (110.0, -195.0)
(110.0, -195.0) (115.0, -195.0)
(115.0, -195.0) (115.0, -200.0)
(115.0, -200.0) (120.0, -200.0)
(120.0, -200.0) (120.0, -195.0)
(120.0, -195.0) (120.0, -190.0)
(120.0, -190.0) (125.0, -190.0)
(125.0, -190.0) (125.0, -195.0)
(125.0, -195.0) (130.0, -195.0)
(130.0, -195.0) (130.0, -190.0)
(130.0, -190.0) (130.0, -185.0)
(130.0, -185.0) (125.0, -185.0)
(125.0, -185.0) (120.0, -185.0)
(120.0, -185.0) (120.0, -180.0)
(120.0, -180.0) (115.0, -180.0)
(115.0, -180.0) (115.0, -185.0)
(115.0, -185.0) (115.0, -190.0)
(115.0, -190.0) (110.0, -190.0)
(110.0, -190.0) (105.0, -190.0)
(105.0, -190.0) (105.0, -185.0)
(105.0, -185.0) (110.0, -185.0)
(110.0, -185.0) (110.0, -180.0)
(110.0, -180.0) (105.0, -180.0)
(105.0, -180.0) (100.0, -180.0)
(100.0, -180.0) (100.0, -175.0)
(100.0, -175.0) (105.0, -175.0)
(105.0, -175.0) (105.0, -170.0)
(105.0, -170.0) (100.0, -170.0)
(100.0, -170.0) (95.0, -170.0)
(95.0, -170.0) (95.0, -175.0)
(95.0, -175.0) (95.0, -180.0)
(95.0, -180.0) (90.0, -180.0)
(90.0, -180.0) (85.0, -180.0)
(85.0, -180.0) (85.0, -185.0)
(85.0, -185.0) (85.0, -190.0)
(85.0, -190.0) (80.0, -190.0)
(80.0, -190.0) (75.0, -190.0)
(75.0, -190.0) (75.0, -185.0)
(75.0, -185.0) (80.0, -185.0)
(80.0, -185.0) (80.0, -180.0)
(80.0, -180.0) (75.0, -180.0)
(75.0, -180.0) (70.0, -180.0)
(70.0, -180.0) (70.0, -175.0)
(70.0, -175.0) (75.0, -175.0)
(75.0, -175.0) (75.0, -170.0)
(75.0, -170.0) (70.0, -170.0)
(70.0, -170.0) (65.0, -170.0)
(65.0, -170.0) (65.0, -175.0)
(65.0, -175.0) (65.0, -180.0)
(65.0, -180.0) (60.0, -180.0)
(60.0, -180.0) (60.0, -175.0)
(60.0, -175.0) (55.0, -175.0)
(55.0, -175.0) (50.0, -175.0)
(50.0, -175.0) (50.0, -170.0)
(50.0, -170.0) (50.0, -165.0)
(50.0, -165.0) (55.0, -165.0)
(55.0, -165.0) (55.0, -170.0)
(55.0, -170.0) (60.0, -170.0)
(60.0, -170.0) (60.0, -165.0)
(60.0, -165.0) (60.0, -160.0)
(60.0, -160.0) (65.0, -160.0)
(65.0, -160.0) (65.0, -165.0)
(65.0, -165.0) (70.0, -165.0)
(70.0, -165.0) (70.0, -160.0)
(70.0, -160.0) (70.0, -155.0)
(70.0, -155.0) (65.0, -155.0)
(65.0, -155.0) (60.0, -155.0)
(60.0, -155.0) (60.0, -150.0)
(60.0, -150.0) (65.0, -150.0)
(65.0, -150.0) (65.0, -145.0)
(65.0, -145.0) (65.0, -140.0)
(65.0, -140.0) (70.0, -140.0)
(70.0, -140.0) (75.0, -140.0)
(75.0, -140.0) (75.0, -145.0)
(75.0, -145.0) (70.0, -145.0)
(70.0, -145.0) (70.0, -150.0)
(70.0, -150.0) (75.0, -150.0)
(75.0, -150.0) (80.0, -150.0)
(80.0, -150.0) (80.0, -155.0)
(80.0, -155.0) (75.0, -155.0)
(75.0, -155.0) (75.0, -160.0)
(75.0, -160.0) (80.0, -160.0)
(80.0, -160.0) (85.0, -160.0)
(85.0, -160.0) (85.0, -155.0)
(85.0, -155.0) (85.0, -150.0)
(85.0, -150.0) (90.0, -150.0)
(90.0, -150.0) (90.0, -145.0)
(90.0, -145.0) (85.0, -145.0)
(85.0, -145.0) (80.0, -145.0)
(80.0, -145.0) (80.0, -140.0)
(80.0, -140.0) (80.0, -135.0)
(80.0, -135.0) (85.0, -135.0)
(85.0, -135.0) (85.0, -140.0)
(85.0, -140.0) (90.0, -140.0)
(90.0, -140.0) (90.0, -135.0)
(90.0, -135.0) (90.0, -130.0)
(90.0, -130.0) (95.0, -130.0)
(95.0, -130.0) (95.0, -135.0)
(95.0, -135.0) (100.0, -135.0)
(100.0, -135.0) (100.0, -130.0)
(100.0, -130.0) (100.0, -125.0)
(100.0, -125.0) (95.0, -125.0)
(95.0, -125.0) (90.0, -125.0)
(90.0, -125.0) (90.0, -120.0)
(90.0, -120.0) (85.0, -120.0)
(85.0, -120.0) (85.0, -125.0)
(85.0, -125.0) (85.0, -130.0)
(85.0, -130.0) (80.0, -130.0)
(80.0, -130.0) (75.0, -130.0)
(75.0, -130.0) (75.0, -125.0)
(75.0, -125.0) (80.0, -125.0)
(80.0, -125.0) (80.0, -120.0)
(80.0, -120.0) (75.0, -120.0)
(75.0, -120.0) (70.0, -120.0)
(70.0, -120.0) (70.0, -115.0)
(70.0, -115.0) (75.0, -115.0)
(75.0, -115.0) (75.0, -110.0)
(75.0, -110.0) (70.0, -110.0)
(70.0, -110.0) (65.0, -110.0)
(65.0, -110.0) (65.0, -115.0)
(65.0, -115.0) (65.0, -120.0)
(65.0, -120.0) (60.0, -120.0)
(60.0, -120.0) (55.0, -120.0)
(55.0, -120.0) (55.0, -125.0)
(55.0, -125.0) (55.0, -130.0)
(55.0, -130.0) (50.0, -130.0)
(50.0, -130.0) (45.0, -130.0)
(45.0, -130.0) (45.0, -125.0)
(45.0, -125.0) (50.0, -125.0)
(50.0, -125.0) (50.0, -120.0)
(50.0, -120.0) (45.0, -120.0)
(45.0, -120.0) (40.0, -120.0)
(40.0, -120.0) (40.0, -115.0)
(40.0, -115.0) (45.0, -115.0)
(45.0, -115.0) (45.0, -110.0)
(45.0, -110.0) (40.0, -110.0)
(40.0, -110.0) (35.0, -110.0)
(35.0, -110.0) (35.0, -115.0)
(35.0, -115.0) (35.0, -120.0)
(35.0, -120.0) (30.0, -120.0)
(30.0, -120.0) (30.0, -125.0)
(30.0, -125.0) (35.0, -125.0)
(35.0, -125.0) (40.0, -125.0)
(40.0, -125.0) (40.0, -130.0)
(40.0, -130.0) (40.0, -135.0)
(40.0, -135.0) (35.0, -135.0)
(35.0, -135.0) (35.0, -130.0)
(35.0, -130.0) (30.0, -130.0)
(30.0, -130.0) (30.0, -135.0)
(30.0, -135.0) (30.0, -140.0)
(30.0, -140.0) (25.0, -140.0)
(25.0, -140.0) (25.0, -135.0)
(25.0, -135.0) (20.0, -135.0)
(20.0, -135.0) (20.0, -140.0)
(20.0, -140.0) (20.0, -145.0)
(20.0, -145.0) (25.0, -145.0)
(25.0, -145.0) (30.0, -145.0)
(30.0, -145.0) (30.0, -150.0)
(30.0, -150.0) (30.0, -155.0)
(30.0, -155.0) (35.0, -155.0)
(35.0, -155.0) (40.0, -155.0)
(40.0, -155.0) (40.0, -160.0)
(40.0, -160.0) (40.0, -165.0)
(40.0, -165.0) (35.0, -165.0)
(35.0, -165.0) (35.0, -160.0)
(35.0, -160.0) (30.0, -160.0)
(30.0, -160.0) (30.0, -165.0)
(30.0, -165.0) (30.0, -170.0)
(30.0, -170.0) (25.0, -170.0)
(25.0, -170.0) (25.0, -165.0)
(25.0, -165.0) (20.0, -165.0)
(20.0, -165.0) (20.0, -170.0)
(20.0, -170.0) (20.0, -175.0)
(20.0, -175.0) (25.0, -175.0)
(25.0, -175.0) (30.0, -175.0)
(30.0, -175.0) (30.0, -180.0)
(30.0, -180.0) (25.0, -180.0)
(25.0, -180.0) (25.0, -185.0)
(25.0, -185.0) (25.0, -190.0)
(25.0, -190.0) (20.0, -190.0)
(20.0, -190.0) (15.0, -190.0)
(15.0, -190.0) (15.0, -185.0)
(15.0, -185.0) (20.0, -185.0)
(20.0, -185.0) (20.0, -180.0)
(20.0, -180.0) (15.0, -180.0)
(15.0, -180.0) (10.0, -180.0)
(10.0, -180.0) (10.0, -175.0)
(10.0, -175.0) (15.0, -175.0)
(15.0, -175.0) (15.0, -170.0)
(15.0, -170.0) (10.0, -170.0)
(10.0, -170.0) (5.0, -170.0)
(5.0, -170.0) (5.0, -175.0)
(5.0, -175.0) (5.0, -180.0)
(5.0, -180.0) (-0.0, -180.0)
(-0.0, -180.0) (-0.0, -175.0)
(-0.0, -175.0) (-5.0, -175.0)
(-5.0, -175.0) (-10.0, -175.0)
(-10.0, -175.0) (-10.0, -170.0)
(-10.0, -170.0) (-10.0, -165.0)
(-10.0, -165.0) (-5.0, -165.0)
(-5.0, -165.0) (-5.0, -170.0)
(-5.0, -170.0) (-0.0, -170.0)
(-0.0, -170.0) (-0.0, -165.0)
(-0.0, -165.0) (-0.0, -160.0)
(-0.0, -160.0) (5.0, -160.0)
(5.0, -160.0) (5.0, -165.0)
(5.0, -165.0) (10.0, -165.0)
(10.0, -165.0) (10.0, -160.0)
(10.0, -160.0) (10.0, -155.0)
(10.0, -155.0) (5.0, -155.0)
(5.0, -155.0) (-0.0, -155.0)
(-0.0, -155.0) (-0.0, -150.0)
(-0.0, -150.0) (-5.0, -150.0)
(-5.0, -150.0) (-5.0, -155.0)
(-5.0, -155.0) (-5.0, -160.0)
(-5.0, -160.0) (-10.0, -160.0)
(-10.0, -160.0) (-15.0, -160.0)
(-15.0, -160.0) (-15.0, -155.0)
(-15.0, -155.0) (-10.0, -155.0)
(-10.0, -155.0) (-10.0, -150.0)
(-10.0, -150.0) (-15.0, -150.0)
(-15.0, -150.0) (-20.0, -150.0)
(-20.0, -150.0) (-20.0, -145.0)
(-20.0, -145.0) (-15.0, -145.0)
(-15.0, -145.0) (-15.0, -140.0)
(-15.0, -140.0) (-20.0, -140.0)
(-20.0, -140.0) (-25.0, -140.0)
(-25.0, -140.0) (-25.0, -145.0)
(-25.0, -145.0) (-25.0, -150.0)
(-25.0, -150.0) (-30.0, -150.0)
(-30.0, -150.0) (-35.0, -150.0)
(-35.0, -150.0) (-35.0, -155.0)
(-35.0, -155.0) (-35.0, -160.0)
(-35.0, -160.0) (-40.0, -160.0)
(-40.0, -160.0) (-45.0, -160.0)
(-45.0, -160.0) (-45.0, -155.0)
(-45.0, -155.0) (-40.0, -155.0)
(-40.0, -155.0) (-40.0, -150.0)
(-40.0, -150.0) (-45.0, -150.0)
(-45.0, -150.0) (-50.0, -150.0)
(-50.0, -150.0) (-50.0, -145.0)
(-50.0, -145.0) (-45.0, -145.0)
(-45.0, -145.0) (-45.0, -140.0)
(-45.0, -140.0) (-50.0, -140.0)
(-50.0, -140.0) (-55.0, -140.0)
(-55.0, -140.0) (-55.0, -145.0)
(-55.0, -145.0) (-55.0, -150.0)
(-55.0, -150.0) (-60.0, -150.0)
(-60.0, -150.0) (-60.0, -145.0)
(-60.0, -145.0) (-65.0, -145.0)
(-65.0, -145.0) (-70.0, -145.0)
(-70.0, -145.0) (-70.0, -140.0)
(-70.0, -140.0) (-70.0, -135.0)
(-70.0, -135.0) (-65.0, -135.0)
(-65.0, -135.0) (-65.0, -140.0)
(-65.0, -140.0) (-60.0, -140.0)
(-60.0, -140.0) (-60.0, -135.0)
(-60.0, -135.0) (-60.0, -130.0)
(-60.0, -130.0) (-55.0, -130.0)
(-55.0, -130.0) (-55.0, -135.0)
(-55.0, -135.0) (-50.0, -135.0)
(-50.0, -135.0) (-50.0, -130.0)
(-50.0, -130.0) (-50.0, -125.0)
(-50.0, -125.0) (-55.0, -125.0)
(-55.0, -125.0) (-60.0, -125.0)
(-60.0, -125.0) (-60.0, -120.0)
(-60.0, -120.0) (-60.0, -115.0)
(-60.0, -115.0) (-65.0, -115.0)
(-65.0, -115.0) (-70.0, -115.0)
(-70.0, -115.0) (-70.0, -110.0)
(-70.0, -110.0) (-70.0, -105.0)
(-70.0, -105.0) (-65.0, -105.0)
(-65.0, -105.0) (-65.0, -110.0)
(-65.0, -110.0) (-60.0, -110.0)
(-60.0, -110.0) (-60.0, -105.0)
(-60.0, -105.0) (-60.0, -100.0)
(-60.0, -100.0) (-55.0, -100.0)
(-55.0, -100.0) (-55.0, -105.0)
(-55.0, -105.0) (-50.0, -105.0)
(-50.0, -105.0) (-50.0, -100.0)
(-50.0, -100.0) (-50.0, -95.0)
(-50.0, -95.0) (-55.0, -95.0)
(-55.0, -95.0) (-60.0, -95.0)
(-60.0, -95.0) (-60.0, -90.0)
(-60.0, -90.0) (-55.0, -90.0)
(-55.0, -90.0) (-55.0, -85.0)
(-55.0, -85.0) (-55.0, -80.0)
(-55.0, -80.0) (-50.0, -80.0)
(-50.0, -80.0) (-45.0, -80.0)
(-45.0, -80.0) (-45.0, -85.0)
(-45.0, -85.0) (-50.0, -85.0)
(-50.0, -85.0) (-50.0, -90.0)
(-50.0, -90.0) (-45.0, -90.0)
(-45.0, -90.0) (-40.0, -90.0)
(-40.0, -90.0) (-40.0, -95.0)
(-40.0, -95.0) (-45.0, -95.0)
(-45.0, -95.0) (-45.0, -100.0)
(-45.0, -100.0) (-40.0, -100.0)
(-40.0, -100.0) (-35.0, -100.0)
(-35.0, -100.0) (-35.0, -95.0)
(-35.0, -95.0) (-35.0, -90.0)
(-35.0, -90.0) (-30.0, -90.0)
(-30.0, -90.0) (-30.0, -95.0)
(-30.0, -95.0) (-25.0, -95.0)
(-25.0, -95.0) (-20.0, -95.0)
(-20.0, -95.0) (-20.0, -100.0)
(-20.0, -100.0) (-20.0, -105.0)
(-20.0, -105.0) (-25.0, -105.0)
(-25.0, -105.0) (-25.0, -100.0)
(-25.0, -100.0) (-30.0, -100.0)
(-30.0, -100.0) (-30.0, -105.0)
(-30.0, -105.0) (-30.0, -110.0)
(-30.0, -110.0) (-35.0, -110.0)
(-35.0, -110.0) (-35.0, -105.0)
(-35.0, -105.0) (-40.0, -105.0)
(-40.0, -105.0) (-40.0, -110.0)
(-40.0, -110.0) (-40.0, -115.0)
(-40.0, -115.0) (-35.0, -115.0)
(-35.0, -115.0) (-30.0, -115.0)
(-30.0, -115.0) (-30.0, -120.0)
(-30.0, -120.0) (-25.0, -120.0)
(-25.0, -120.0) (-25.0, -115.0)
(-25.0, -115.0) (-25.0, -110.0)
(-25.0, -110.0) (-20.0, -110.0)
(-20.0, -110.0) (-15.0, -110.0)
(-15.0, -110.0) (-15.0, -115.0)
(-15.0, -115.0) (-20.0, -115.0)
(-20.0, -115.0) (-20.0, -120.0)
(-20.0, -120.0) (-15.0, -120.0)
(-15.0, -120.0) (-10.0, -120.0)
(-10.0, -120.0) (-10.0, -125.0)
(-10.0, -125.0) (-15.0, -125.0)
(-15.0, -125.0) (-15.0, -130.0)
(-15.0, -130.0) (-10.0, -130.0)
(-10.0, -130.0) (-5.0, -130.0)
(-5.0, -130.0) (-5.0, -125.0)
(-5.0, -125.0) (-5.0, -120.0)
(-5.0, -120.0) (-0.0, -120.0)
(-0.0, -120.0) (-0.0, -115.0)
(-0.0, -115.0) (-5.0, -115.0)
(-5.0, -115.0) (-10.0, -115.0)
(-10.0, -115.0) (-10.0, -110.0)
(-10.0, -110.0) (-10.0, -105.0)
(-10.0, -105.0) (-5.0, -105.0)
(-5.0, -105.0) (-5.0, -110.0)
(-5.0, -110.0) (-0.0, -110.0)
(-0.0, -110.0) (-0.0, -105.0)
(-0.0, -105.0) (-0.0, -100.0)
(-0.0, -100.0) (5.0, -100.0)
(5.0, -100.0) (5.0, -105.0)
(5.0, -105.0) (10.0, -105.0)
(10.0, -105.0) (10.0, -100.0)
(10.0, -100.0) (10.0, -95.0)
(10.0, -95.0) (5.0, -95.0)
(5.0, -95.0) (-0.0, -95.0)
(-0.0, -95.0) (-0.0, -90.0)
(-0.0, -90.0) (-0.0, -85.0)
(-0.0, -85.0) (-5.0, -85.0)
(-5.0, -85.0) (-10.0, -85.0)
(-10.0, -85.0) (-10.0, -80.0)
(-10.0, -80.0) (-10.0, -75.0)
(-10.0, -75.0) (-5.0, -75.0)
(-5.0, -75.0) (-5.0, -80.0)
(-5.0, -80.0) (-0.0, -80.0)
(-0.0, -80.0) (-0.0, -75.0)
(-0.0, -75.0) (-0.0, -70.0)
(-0.0, -70.0) (5.0, -70.0)
(5.0, -70.0) (5.0, -75.0)
(5.0, -75.0) (10.0, -75.0)
(10.0, -75.0) (10.0, -70.0)
(10.0, -70.0) (10.0, -65.0)
(10.0, -65.0) (5.0, -65.0)
(5.0, -65.0) (-0.0, -65.0)
(-0.0, -65.0) (-0.0, -60.0)
(-0.0, -60.0) (5.0, -60.0)
(5.0, -60.0) (5.0, -55.0)
(5.0, -55.0) (5.0, -50.0)
(5.0, -50.0) (10.0, -50.0)
(10.0, -50.0) (15.0, -50.0)
(15.0, -50.0) (15.0, -55.0)
(15.0, -55.0) (10.0, -55.0)
(10.0, -55.0) (10.0, -60.0)
(10.0, -60.0) (15.0, -60.0)
(15.0, -60.0) (20.0, -60.0)
(20.0, -60.0) (20.0, -65.0)
(20.0, -65.0) (15.0, -65.0)
(15.0, -65.0) (15.0, -70.0)
(15.0, -70.0) (20.0, -70.0)
(20.0, -70.0) (25.0, -70.0)
(25.0, -70.0) (25.0, -65.0)
(25.0, -65.0) (25.0, -60.0)
(25.0, -60.0) (30.0, -60.0)
(30.0, -60.0) (30.0, -65.0)
(30.0, -65.0) (35.0, -65.0)
(35.0, -65.0) (40.0, -65.0)
(40.0, -65.0) (40.0, -70.0)
(40.0, -70.0) (40.0, -75.0)
(40.0, -75.0) (35.0, -75.0)
(35.0, -75.0) (35.0, -70.0)
(35.0, -70.0) (30.0, -70.0)
(30.0, -70.0) (30.0, -75.0)
(30.0, -75.0) (30.0, -80.0)
(30.0, -80.0) (25.0, -80.0)
(25.0, -80.0) (25.0, -75.0)
(25.0, -75.0) (20.0, -75.0)
(20.0, -75.0) (20.0, -80.0)
(20.0, -80.0) (20.0, -85.0)
(20.0, -85.0) (25.0, -85.0)
(25.0, -85.0) (30.0, -85.0)
(30.0, -85.0) (30.0, -90.0)
(30.0, -90.0) (35.0, -90.0)
(35.0, -90.0) (35.0, -85.0)
(35.0, -85.0) (35.0, -80.0)
(35.0, -80.0) (40.0, -80.0)
(40.0, -80.0) (45.0, -80.0)
(45.0, -80.0) (45.0, -85.0)
(45.0, -85.0) (40.0, -85.0)
(40.0, -85.0) (40.0, -90.0)
(40.0, -90.0) (45.0, -90.0)
(45.0, -90.0) (50.0, -90.0)
(50.0, -90.0) (50.0, -95.0)
(50.0, -95.0) (45.0, -95.0)
(45.0, -95.0) (45.0, -100.0)
(45.0, -100.0) (50.0, -100.0)
(50.0, -100.0) (55.0, -100.0)
(55.0, -100.0) (55.0, -95.0)
(55.0, -95.0) (55.0, -90.0)
(55.0, -90.0) (60.0, -90.0)
(60.0, -90.0) (60.0, -85.0)
(60.0, -85.0) (55.0, -85.0)
(55.0, -85.0) (50.0, -85.0)
(50.0, -85.0) (50.0, -80.0)
(50.0, -80.0) (50.0, -75.0)
(50.0, -75.0) (55.0, -75.0)
(55.0, -75.0) (55.0, -80.0)
(55.0, -80.0) (60.0, -80.0)
(60.0, -80.0) (60.0, -75.0)
(60.0, -75.0) (60.0, -70.0)
(60.0, -70.0) (65.0, -70.0)
(65.0, -70.0) (65.0, -75.0)
(65.0, -75.0) (70.0, -75.0)
(70.0, -75.0) (70.0, -70.0)
(70.0, -70.0) (70.0, -65.0)
(70.0, -65.0) (65.0, -65.0)
(65.0, -65.0) (60.0, -65.0)
(60.0, -65.0) (60.0, -60.0)
(60.0, -60.0) (60.0, -55.0)
(60.0, -55.0) (55.0, -55.0)
(55.0, -55.0) (50.0, -55.0)
(50.0, -55.0) (50.0, -50.0)
(50.0, -50.0) (50.0, -45.0)
(50.0, -45.0) (55.0, -45.0)
(55.0, -45.0) (55.0, -50.0)
(55.0, -50.0) (60.0, -50.0)
(60.0, -50.0) (60.0, -45.0)
(60.0, -45.0) (60.0, -40.0)
(60.0, -40.0) (65.0, -40.0)
(65.0, -40.0) (65.0, -45.0)
(65.0, -45.0) (70.0, -45.0)
(70.0, -45.0) (70.0, -40.0)
(70.0, -40.0) (70.0, -35.0)
(70.0, -35.0) (65.0, -35.0)
(65.0, -35.0) (60.0, -35.0)
(60.0, -35.0) (60.0, -30.0)
(60.0, -30.0) (55.0, -30.0)
(55.0, -30.0) (55.0, -35.0)
(55.0, -35.0) (55.0, -40.0)
(55.0, -40.0) (50.0, -40.0)
(50.0, -40.0) (45.0, -40.0)
(45.0, -40.0) (45.0, -35.0)
(45.0, -35.0) (50.0, -35.0)
(50.0, -35.0) (50.0, -30.0)
(50.0, -30.0) (45.0, -30.0)
(45.0, -30.0) (40.0, -30.0)
(40.0, -30.0) (40.0, -25.0)
(40.0, -25.0) (45.0, -25.0)
(45.0, -25.0) (45.0, -20.0)
(45.0, -20.0) (40.0, -20.0)
(40.0, -20.0) (35.0, -20.0)
(35.0, -20.0) (35.0, -25.0)
(35.0, -25.0) (35.0, -30.0)
(35.0, -30.0) (30.0, -30.0)
(30.0, -30.0) (25.0, -30.0)
(25.0, -30.0) (25.0, -35.0)
(25.0, -35.0) (25.0, -40.0)
(25.0, -40.0) (20.0, -40.0)
(20.0, -40.0) (15.0, -40.0)
(15.0, -40.0) (15.0, -35.0)
(15.0, -35.0) (20.0, -35.0)
(20.0, -35.0) (20.0, -30.0)
(20.0, -30.0) (15.0, -30.0)
(15.0, -30.0) (10.0, -30.0)
(10.0, -30.0) (10.0, -25.0)
(10.0, -25.0) (15.0, -25.0)
(15.0, -25.0) (15.0, -20.0)
(15.0, -20.0) (10.0, -20.0)
(10.0, -20.0) (5.0, -20.0)
(5.0, -20.0) (5.0, -25.0)
(5.0, -25.0) (5.0, -30.0)
(5.0, -30.0) (-0.0, -30.0)
(-0.0, -30.0) (-0.0, -25.0)
(-0.0, -25.0) (-5.0, -25.0)
(-5.0, -25.0) (-10.0, -25.0)
(-10.0, -25.0) (-10.0, -20.0)
(-10.0, -20.0) (-10.0, -15.0)
(-10.0, -15.0) (-5.0, -15.0)
(-5.0, -15.0) (-5.0, -20.0)
(-5.0, -20.0) (-0.0, -20.0)
(-0.0, -20.0) (-0.0, -15.0)
(-0.0, -15.0) (-0.0, -10.0)
(-0.0, -10.0) (5.0, -10.0)
(5.0, -10.0) (5.0, -15.0)
(5.0, -15.0) (10.0, -15.0)
(10.0, -15.0) (10.0, -10.0)
(10.0, -10.0) (10.0, -5.0)
(10.0, -5.0) (5.0, -5.0)
(5.0, -5.0) (-0.0, -5.0)
(-0.0, -5.0) (-0.0, 0.0)
