(0, 0) (0.0, 2.0)
(0.0, 2.0) (-0.87, 3.8)
(0.0, 2.0) (0.0, 4.0)
(0.0, 4.0) (0.87, 5.8)
(0.0, 4.0) (0.0, 6.0)
(0.0, 6.0) (-0.87, 7.8)
(-0.87, 7.8) (-2.43, 9.05)
(-0.87, 7.8) (-1.73, 9.6)
(-1.73, 9.6) (-1.73, 11.6)
(-1.73, 9.6) (-2.6, 11.41)
(0.0, 6.0) (0.0, 8.0)
(0.0, 8.0) (-0.87, 9.8)
(0.0, 8.0) (0.0, 10.0)
(0.0, 10.0) (0.87, 11.8)
(0.0, 10.0) (0.0, 12.0)
(0.0, 12.0) (0.87, 13.8)
(0.87, 13.8) (0.87, 15.8)
(0.87, 13.8) (1.73, 15.6)
(1.73, 15.6) (3.3, 16.85)
(1.73, 15.6) (2.6, 17.41)
(0.0, 12.0) (0.0, 14.0)
(0.0, 14.0) (-0.87, 15.8)
(0.0, 14.0) (0.0, 16.0)
(0.0, 16.0) (0.87, 17.8)
(0.0, 16.0) (0.0, 18.0)
(0.0, 18.0) (-0.87, 19.8)
(-0.87, 19.8) (-2.43, 21.05)
(-0.87, 19.8) (-1.73, 21.6)
(-1.73, 21.6) (-1.73, 23.6)
(-1.73, 21.6) (-2.6, 23.41)
(-2.6, 23.41) (-4.16, 24.65)
(-4.16, 24.65) (-6.11, 25.1)
(-4.16, 24.65) (-5.73, 25.9)
(-5.73, 25.9) (-6.6, 27.7)
(-5.73, 25.9) (-7.29, 27.15)
(-2.6, 23.41) (-3.47, 25.21)
(-3.47, 25.21) (-5.03, 26.46)
(-3.47, 25.21) (-4.34, 27.01)
(-4.34, 27.01) (-4.34, 29.01)
(-4.34, 27.01) (-5.2, 28.81)
(-5.2, 28.81) (-5.2, 30.81)
(-5.2, 30.81) (-6.07, 32.62)
(-5.2, 30.81) (-5.2, 32.81)
(-5.2, 32.81) (-4.34, 34.62)
(-5.2, 32.81) (-5.2, 34.81)
(-5.2, 28.81) (-6.07, 30.62)
(-6.07, 30.62) (-7.63, 31.86)
(-6.07, 30.62) (-6.94, 32.42)
(-6.94, 32.42) (-6.94, 34.42)
(-6.94, 32.42) (-7.81, 34.22)
(0.0, 18.0) (0.0, 20.0)
(0.0, 20.0) (-0.87, 21.8)
(0.0, 20.0) (0.0, 22.0)
(0.0, 22.0) (0.87, 23.8)
(0.0, 22.0) (0.0, 24.0)
(0.0, 24.0) (-0.87, 25.8)
(-0.87, 25.8) (-2.43, 27.05)
(-0.87, 25.8) (-1.73, 27.6)
(-1.73, 27.6) (-1.73, 29.6)
(-1.73, 27.6) (-2.6, 29.41)
(0.0, 24.0) (0.0, 26.0)
(0.0, 26.0) (-0.87, 27.8)
(0.0, 26.0) (0.0, 28.0)
(0.0, 28.0) (0.87, 29.8)
(0.0, 28.0) (0.0, 30.0)
(0.0, 30.0) (0.87, 31.8)
(0.87, 31.8) (0.87, 33.8)
(0.87, 31.8) (1.73, 33.6)
(1.73, 33.6) (3.3, 34.85)
(1.73, 33.6) (2.6, 35.41)
(0.0, 30.0) (0.0, 32.0)
(0.0, 32.0) (-0.87, 33.8)
(0.0, 32.0) (0.0, 34.0)
(0.0, 34.0) (0.87, 35.8)
(0.0, 34.0) (0.0, 36.0)
(0.0, 36.0) (0.87, 37.8)
(0.87, 37.8) (0.87, 39.8)
(0.87, 37.8) (1.73, 39.6)
(1.73, 39.6) (3.3, 40.85)
(1.73, 39.6) (2.6, 41.41)
(2.6, 41.41) (2.6, 43.41)
(2.6, 43.41) (1.73, 45.21)
(2.6, 43.41) (2.6, 45.41)
(2.6, 45.41) (3.47, 47.21)
(2.6, 45.41) (2.6, 47.41)
(2.6, 41.41) (3.47, 43.21)
(3.47, 43.21) (3.47, 45.21)
(3.47, 43.21) (4.34, 45.01)
(4.34, 45.01) (5.9, 46.26)
(4.34, 45.01) (5.2, 46.81)
(5.2, 46.81) (6.77, 48.06)
(6.77, 48.06) (7.63, 49.86)
(6.77, 48.06) (8.33, 49.31)
(8.33, 49.31) (10.28, 49.75)
(8.33, 49.31) (9.89, 50.56)
(5.2, 46.81) (6.07, 48.62)
(6.07, 48.62) (6.07, 50.62)
(6.07, 48.62) (6.94, 50.42)
(6.94, 50.42) (8.5, 51.66)
(6.94, 50.42) (7.81, 52.22)
(0.0, 36.0) (0.0, 38.0)
(0.0, 38.0) (-0.87, 39.8)
(0.0, 38.0) (0.0, 40.0)
(0.0, 40.0) (0.87, 41.8)
(0.0, 40.0) (0.0, 42.0)
(0.0, 42.0) (-0.87, 43.8)
(-0.87, 43.8) (-2.43, 45.05)
(-0.87, 43.8) (-1.73, 45.6)
(-1.73, 45.6) (-1.73, 47.6)
(-1.73, 45.6) (-2.6, 47.41)
(0.0, 42.0) (0.0, 44.0)
(0.0, 44.0) (-0.87, 45.8)
(0.0, 44.0) (0.0, 46.0)
(0.0, 46.0) (0.87, 47.8)
(0.0, 46.0) (0.0, 48.0)
(0.0, 48.0) (0.87, 49.8)
(0.87, 49.8) (0.87, 51.8)
(0.87, 49.8) (1.73, 51.6)
(1.73, 51.6) (3.3, 52.85)
(1.73, 51.6) (2.6, 53.41)
(0.0, 48.0) (0.0, 50.0)
(0.0, 50.0) (-0.87, 51.8)
(0.0, 50.0) (0.0, 52.0)
(0.0, 52.0) (0.87, 53.8)
(0.0, 52.0) (0.0, 54.0)
(0.0, 54.0) (-0.87, 55.8)
(-0.87, 55.8) (-2.43, 57.05)
(-0.87, 55.8) (-1.73, 57.6)
(-1.73, 57.6) (-1.73, 59.6)
(-1.73, 57.6) (-2.6, 59.41)
(-2.6, 59.41) (-4.16, 60.65)
(-4.16, 60.65) (-6.11, 61.1)
(-4.16, 60.65) (-5.73, 61.9)
(-5.73, 61.9) (-6.6, 63.7)
(-5.73, 61.9) (-7.29, 63.15)
(-2.6, 59.41) (-3.47, 61.21)
(-3.47, 61.21) (-5.03, 62.46)
(-3.47, 61.21) (-4.34, 63.01)
(-4.34, 63.01) (-4.34, 65.01)
(-4.34, 63.01) (-5.2, 64.81)
(-5.2, 64.81) (-5.2, 66.81)
(-5.2, 66.81) (-6.07, 68.62)
(-5.2, 66.81) (-5.2, 68.81)
(-5.2, 68.81) (-4.34, 70.62)
(-5.2, 68.81) (-5.2, 70.81)
(-5.2, 64.81) (-6.07, 66.62)
(-6.07, 66.62) (-7.63, 67.86)
(-6.07, 66.62) (-6.94, 68.42)
(-6.94, 68.42) (-6.94, 70.42)
(-6.94, 68.42) (-7.81, 70.22)
(-7.81, 70.22) (-9.37, 71.47)
(-9.37, 71.47) (-11.32, 71.91)
(-9.37, 71.47) (-10.93, 72.71)
(-10.93, 72.71) (-11.8, 74.52)
(-10.93, 72.71) (-12.49, 73.96)
(-12.49, 73.96) (-14.44, 74.41)
(-14.44, 74.41) (-16.39, 73.97)
(-14.44, 74.41) (-16.39, 74.86)
(-16.39, 74.86) (-17.96, 76.1)
(-16.39, 74.86) (-18.34, 75.3)
(-12.49, 73.96) (-14.06, 75.21)
(-14.06, 75.21) (-16.01, 75.66)
(-14.06, 75.21) (-15.62, 76.46)
(-15.62, 76.46) (-16.49, 78.26)
(-15.62, 76.46) (-17.18, 77.71)
(-17.18, 77.71) (-18.05, 79.51)
(-18.05, 79.51) (-19.61, 80.76)
(-18.05, 79.51) (-18.92, 81.31)
(-18.92, 81.31) (-18.92, 83.31)
(-18.92, 81.31) (-19.79, 83.11)
(-17.18, 77.71) (-18.75, 78.95)
(-18.75, 78.95) (-20.7, 79.4)
(-18.75, 78.95) (-20.31, 80.2)
(-20.31, 80.2) (-21.18, 82.0)
(-20.31, 80.2) (-21.87, 81.45)
(-7.81, 70.22) (-8.67, 72.02)
(-8.67, 72.02) (-10.24, 73.27)
(-8.67, 72.02) (-9.54, 73.82)
(-9.54, 73.82) (-9.54, 75.82)
(-9.54, 73.82) (-10.41, 75.63)
(-10.41, 75.63) (-11.97, 76.87)
(-11.97, 76.87) (-13.92, 77.32)
(-11.97, 76.87) (-13.53, 78.12)
(-13.53, 78.12) (-14.4, 79.92)
(-13.53, 78.12) (-15.1, 79.37)
(-10.41, 75.63) (-11.28, 77.43)
(-11.28, 77.43) (-12.84, 78.68)
(-11.28, 77.43) (-12.14, 79.23)
(-12.14, 79.23) (-12.14, 81.23)
(-12.14, 79.23) (-13.01, 81.03)
(-13.01, 81.03) (-13.01, 83.03)
(-13.01, 83.03) (-13.88, 84.83)
(-13.01, 83.03) (-13.01, 85.03)
(-13.01, 85.03) (-12.14, 86.83)
(-13.01, 85.03) (-13.01, 87.03)
(-13.01, 81.03) (-13.88, 82.83)
(-13.88, 82.83) (-15.44, 84.08)
(-13.88, 82.83) (-14.74, 84.64)
(-14.74, 84.64) (-14.74, 86.64)
(-14.74, 84.64) (-15.61, 86.44)
(-15.61, 86.44) (-15.61, 88.44)
(-15.61, 88.44) (-16.48, 90.24)
(-15.61, 88.44) (-15.61, 90.44)
(-15.61, 90.44) (-14.74, 92.24)
(-15.61, 90.44) (-15.61, 92.44)
(-15.61, 92.44) (-16.48, 94.24)
(-16.48, 94.24) (-18.04, 95.49)
(-16.48, 94.24) (-17.35, 96.04)
(-17.35, 96.04) (-17.35, 98.04)
(-17.35, 96.04) (-18.21, 97.85)
(-15.61, 92.44) (-15.61, 94.44)
(-15.61, 94.44) (-16.48, 96.24)
(-15.61, 94.44) (-15.61, 96.44)
(-15.61, 96.44) (-14.74, 98.24)
(-15.61, 96.44) (-15.61, 98.44)
(-15.61, 98.44) (-14.74, 100.24)
(-14.74, 100.24) (-14.74, 102.24)
(-14.74, 100.24) (-13.88, 102.04)
(-13.88, 102.04) (-12.31, 103.29)
(-13.88, 102.04) (-13.01, 103.85)
(-15.61, 98.44) (-15.61, 100.44)
(-15.61, 100.44) (-16.48, 102.24)
(-15.61, 100.44) (-15.61, 102.44)
(-15.61, 102.44) (-14.74, 104.24)
(-15.61, 102.44) (-15.61, 104.44)
(-15.61, 86.44) (-16.48, 88.24)
(-16.48, 88.24) (-18.04, 89.49)
(-16.48, 88.24) (-17.35, 90.04)
(-17.35, 90.04) (-17.35, 92.04)
(-17.35, 90.04) (-18.21, 91.85)
(-18.21, 91.85) (-19.78, 93.09)
(-19.78, 93.09) (-21.73, 93.54)
(-19.78, 93.09) (-21.34, 94.34)
(-21.34, 94.34) (-22.21, 96.14)
(-21.34, 94.34) (-22.9, 95.59)
(-18.21, 91.85) (-19.08, 93.65)
(-19.08, 93.65) (-20.64, 94.9)
(-19.08, 93.65) (-19.95, 95.45)
(-19.95, 95.45) (-19.95, 97.45)
(-19.95, 95.45) (-20.82, 97.25)
(-20.82, 97.25) (-20.82, 99.25)
(-20.82, 99.25) (-21.68, 101.05)
(-20.82, 99.25) (-20.82, 101.25)
(-20.82, 101.25) (-19.95, 103.05)
(-20.82, 101.25) (-20.82, 103.25)
(-20.82, 97.25) (-21.68, 99.05)
(-21.68, 99.05) (-23.25, 100.3)
(-21.68, 99.05) (-22.55, 100.86)
(-22.55, 100.86) (-22.55, 102.86)
(-22.55, 100.86) (-23.42, 102.66)
(0.0, 54.0) (0.0, 56.0)
(0.0, 56.0) (-0.87, 57.8)
(0.0, 56.0) (0.0, 58.0)
(0.0, 58.0) (0.87, 59.8)
(0.0, 58.0) (0.0, 60.0)
(0.0, 60.0) (-0.87, 61.8)
(-0.87, 61.8) (-2.43, 63.05)
(-0.87, 61.8) (-1.73, 63.6)
(-1.73, 63.6) (-1.73, 65.6)
(-1.73, 63.6) (-2.6, 65.41)
(0.0, 60.0) (0.0, 62.0)
(0.0, 62.0) (-0.87, 63.8)
(0.0, 62.0) (0.0, 64.0)
(0.0, 64.0) (0.87, 65.8)
(0.0, 64.0) (0.0, 66.0)
(0.0, 66.0) (0.87, 67.8)
(0.87, 67.8) (0.87, 69.8)
(0.87, 67.8) (1.73, 69.6)
(1.73, 69.6) (3.3, 70.85)
(1.73, 69.6) (2.6, 71.41)
(0.0, 66.0) (0.0, 68.0)
(0.0, 68.0) (-0.87, 69.8)
(0.0, 68.0) (0.0, 70.0)
(0.0, 70.0) (0.87, 71.8)
(0.0, 70.0) (0.0, 72.0)
(0.0, 72.0) (-0.87, 73.8)
(-0.87, 73.8) (-2.43, 75.05)
(-0.87, 73.8) (-1.73, 75.6)
(-1.73, 75.6) (-1.73, 77.6)
(-1.73, 75.6) (-2.6, 77.41)
(-2.6, 77.41) (-4.16, 78.65)
(-4.16, 78.65) (-6.11, 79.1)
(-4.16, 78.65) (-5.73, 79.9)
(-5.73, 79.9) (-6.6, 81.7)
(-5.73, 79.9) (-7.29, 81.15)
(-2.6, 77.41) (-3.47, 79.21)
(-3.47, 79.21) (-5.03, 80.46)
(-3.47, 79.21) (-4.34, 81.01)
(-4.34, 81.01) (-4.34, 83.01)
(-4.34, 81.01) (-5.2, 82.81)
(-5.2, 82.81) (-5.2, 84.81)
(-5.2, 84.81) (-6.07, 86.62)
(-5.2, 84.81) (-5.2, 86.81)
(-5.2, 86.81) (-4.34, 88.62)
(-5.2, 86.81) (-5.2, 88.81)
(-5.2, 82.81) (-6.07, 84.62)
(-6.07, 84.62) (-7.63, 85.86)
(-6.07, 84.62) (-6.94, 86.42)
(-6.94, 86.42) (-6.94, 88.42)
(-6.94, 86.42) (-7.81, 88.22)
(0.0, 72.0) (0.0, 74.0)
(0.0, 74.0) (-0.87, 75.8)
(0.0, 74.0) (0.0, 76.0)
(0.0, 76.0) (0.87, 77.8)
(0.0, 76.0) (0.0, 78.0)
(0.0, 78.0) (-0.87, 79.8)
(-0.87, 79.8) (-2.43, 81.05)
(-0.87, 79.8) (-1.73, 81.6)
(-1.73, 81.6) (-1.73, 83.6)
(-1.73, 81.6) (-2.6, 83.41)
(0.0, 78.0) (0.0, 80.0)
(0.0, 80.0) (-0.87, 81.8)
(0.0, 80.0) (0.0, 82.0)
(0.0, 82.0) (0.87, 83.8)
(0.0, 82.0) (0.0, 84.0)
(0.0, 84.0) (0.87, 85.8)
(0.87, 85.8) (0.87, 87.8)
(0.87, 85.8) (1.73, 87.6)
(1.73, 87.6) (3.3, 88.85)
(1.73, 87.6) (2.6, 89.41)
(0.0, 84.0) (0.0, 86.0)
(0.0, 86.0) (-0.87, 87.8)
(0.0, 86.0) (0.0, 88.0)
(0.0, 88.0) (0.87, 89.8)
(0.0, 88.0) (0.0, 90.0)
(0.0, 90.0) (0.87, 91.8)
(0.87, 91.8) (0.87, 93.8)
(0.87, 91.8) (1.73, 93.6)
(1.73, 93.6) (3.3, 94.85)
(1.73, 93.6) (2.6, 95.41)
(2.6, 95.41) (2.6, 97.41)
(2.6, 97.41) (1.73, 99.21)
(2.6, 97.41) (2.6, 99.41)
(2.6, 99.41) (3.47, 101.21)
(2.6, 99.41) (2.6, 101.41)
(2.6, 95.41) (3.47, 97.21)
(3.47, 97.21) (3.47, 99.21)
(3.47, 97.21) (4.34, 99.01)
(4.34, 99.01) (5.9, 100.26)
(4.34, 99.01) (5.2, 100.81)
(5.2, 100.81) (6.77, 102.06)
(6.77, 102.06) (7.63, 103.86)
(6.77, 102.06) (8.33, 103.31)
(8.33, 103.31) (10.28, 103.75)
(8.33, 103.31) (9.89, 104.56)
(5.2, 100.81) (6.07, 102.62)
(6.07, 102.62) (6.07, 104.62)
(6.07, 102.62) (6.94, 104.42)
(6.94, 104.42) (8.5, 105.66)
(6.94, 104.42) (7.81, 106.22)
(0.0, 90.0) (0.0, 92.0)
(0.0, 92.0) (-0.87, 93.8)
(0.0, 92.0) (0.0, 94.0)
(0.0, 94.0) (0.87, 95.8)
(0.0, 94.0) (0.0, 96.0)
(0.0, 96.0) (-0.87, 97.8)
(-0.87, 97.8) (-2.43, 99.05)
(-0.87, 97.8) (-1.73, 99.6)
(-1.73, 99.6) (-1.73, 101.6)
(-1.73, 99.6) (-2.6, 101.41)
(0.0, 96.0) (0.0, 98.0)
(0.0, 98.0) (-0.87, 99.8)
(0.0, 98.0) (0.0, 100.0)
(0.0, 100.0) (0.87, 101.8)
(0.0, 100.0) (0.0, 102.0)
(0.0, 102.0) (0.87, 103.8)
(0.87, 103.8) (0.87, 105.8)
(0.87, 103.8) (1.73, 105.6)
(1.73, 105.6) (3.3, 106.85)
(1.73, 105.6) (2.6, 107.41)
(0.0, 102.0) (0.0, 104.0)
(0.0, 104.0) (-0.87, 105.8)
(0.0, 104.0) (0.0, 106.0)
(0.0, 106.0) (0.87, 107.8)
(0.0, 106.0) (0.0, 108.0)
(0.0, 108.0) (0.87, 109.8)
(0.87, 109.8) (0.87, 111.8)
(0.87, 109.8) (1.73, 111.6)
(1.73, 111.6) (3.3, 112.85)
(1.73, 111.6) (2.6, 113.41)
(2.6, 113.41) (2.6, 115.41)
(2.6, 115.41) (1.73, 117.21)
(2.6, 115.41) (2.6, 117.41)
(2.6, 117.41) (3.47, 119.21)
(2.6, 117.41) (2.6, 119.41)
(2.6, 113.41) (3.47, 115.21)
(3.47, 115.21) (3.47, 117.21)
(3.47, 115.21) (4.34, 117.01)
(4.34, 117.01) (5.9, 118.26)
(4.34, 117.01) (5.2, 118.81)
(5.2, 118.81) (6.77, 120.06)
(6.77, 120.06) (7.63, 121.86)
(6.77, 120.06) (8.33, 121.31)
(8.33, 121.31) (10.28, 121.75)
(8.33, 121.31) (9.89, 122.56)
(5.2, 118.81) (6.07, 120.62)
(6.07, 120.62) (6.07, 122.62)
(6.07, 120.62) (6.94, 122.42)
(6.94, 122.42) (8.5, 123.66)
(6.94, 122.42) (7.81, 124.22)
(7.81, 124.22) (7.81, 126.22)
(7.81, 126.22) (6.94, 128.02)
(7.81, 126.22) (7.81, 128.22)
(7.81, 128.22) (8.67, 130.02)
(7.81, 128.22) (7.81, 130.22)
(7.81, 130.22) (6.94, 132.02)
(6.94, 132.02) (5.38, 133.27)
(6.94, 132.02) (6.07, 133.82)
(6.07, 133.82) (6.07, 135.82)
(6.07, 133.82) (5.2, 135.63)
(7.81, 130.22) (7.81, 132.22)
(7.81, 132.22) (6.94, 134.02)
(7.81, 132.22) (7.81, 134.22)
(7.81, 134.22) (8.67, 136.02)
(7.81, 134.22) (7.81, 136.22)
(7.81, 136.22) (8.67, 138.02)
(8.67, 138.02) (8.67, 140.02)
(8.67, 138.02) (9.54, 139.82)
(9.54, 139.82) (11.1, 141.07)
(9.54, 139.82) (10.41, 141.63)
(7.81, 136.22) (7.81, 138.22)
(7.81, 138.22) (6.94, 140.02)
(7.81, 138.22) (7.81, 140.22)
(7.81, 140.22) (8.67, 142.02)
(7.81, 140.22) (7.81, 142.22)
(7.81, 124.22) (8.67, 126.02)
(8.67, 126.02) (8.67, 128.02)
(8.67, 126.02) (9.54, 127.82)
(9.54, 127.82) (11.1, 129.07)
(9.54, 127.82) (10.41, 129.63)
(10.41, 129.63) (10.41, 131.63)
(10.41, 131.63) (9.54, 133.43)
(10.41, 131.63) (10.41, 133.63)
(10.41, 133.63) (11.28, 135.43)
(10.41, 133.63) (10.41, 135.63)
(10.41, 129.63) (11.28, 131.43)
(11.28, 131.43) (11.28, 133.43)
(11.28, 131.43) (12.14, 133.23)
(12.14, 133.23) (13.71, 134.48)
(12.14, 133.23) (13.01, 135.03)
(13.01, 135.03) (14.57, 136.28)
(14.57, 136.28) (15.44, 138.08)
(14.57, 136.28) (16.14, 137.53)
(16.14, 137.53) (18.09, 137.97)
(16.14, 137.53) (17.7, 138.78)
(13.01, 135.03) (13.88, 136.83)
(13.88, 136.83) (13.88, 138.83)
(13.88, 136.83) (14.74, 138.64)
(14.74, 138.64) (16.31, 139.88)
(14.74, 138.64) (15.61, 140.44)
(15.61, 140.44) (17.17, 141.69)
(17.17, 141.69) (18.04, 143.49)
(17.17, 141.69) (18.74, 142.93)
(18.74, 142.93) (20.69, 143.38)
(18.74, 142.93) (20.3, 144.18)
(20.3, 144.18) (21.17, 145.98)
(21.17, 145.98) (21.17, 147.98)
(21.17, 145.98) (22.04, 147.79)
(22.04, 147.79) (23.6, 149.03)
(22.04, 147.79) (22.9, 149.59)
(20.3, 144.18) (21.86, 145.43)
(21.86, 145.43) (22.73, 147.23)
(21.86, 145.43) (23.43, 146.68)
(23.43, 146.68) (25.38, 147.12)
(23.43, 146.68) (24.99, 147.93)
(24.99, 147.93) (26.94, 148.37)
(26.94, 148.37) (28.5, 149.62)
(26.94, 148.37) (28.89, 148.82)
(28.89, 148.82) (30.84, 148.38)
(28.89, 148.82) (30.84, 149.26)
(24.99, 147.93) (26.55, 149.17)
(26.55, 149.17) (27.42, 150.98)
(26.55, 149.17) (28.12, 150.42)
(28.12, 150.42) (30.07, 150.87)
(28.12, 150.42) (29.68, 151.67)
(15.61, 140.44) (16.48, 142.24)
(16.48, 142.24) (16.48, 144.24)
(16.48, 142.24) (17.35, 144.04)
(17.35, 144.04) (18.91, 145.29)
(17.35, 144.04) (18.21, 145.85)
(18.21, 145.85) (18.21, 147.85)
(18.21, 147.85) (17.35, 149.65)
(18.21, 147.85) (18.21, 149.85)
(18.21, 149.85) (19.08, 151.65)
(18.21, 149.85) (18.21, 151.85)
(18.21, 145.85) (19.08, 147.65)
(19.08, 147.65) (19.08, 149.65)
(19.08, 147.65) (19.95, 149.45)
(19.95, 149.45) (21.51, 150.7)
(19.95, 149.45) (20.82, 151.25)
(20.82, 151.25) (22.38, 152.5)
(22.38, 152.5) (23.25, 154.3)
(22.38, 152.5) (23.94, 153.75)
(23.94, 153.75) (25.89, 154.19)
(23.94, 153.75) (25.5, 154.99)
(20.82, 151.25) (21.68, 153.05)
(21.68, 153.05) (21.68, 155.05)
(21.68, 153.05) (22.55, 154.86)
(22.55, 154.86) (24.11, 156.1)
(22.55, 154.86) (23.42, 156.66)
(0.0, 108.0) (0.0, 110.0)
(0.0, 110.0) (-0.87, 111.8)
(0.0, 110.0) (0.0, 112.0)
(0.0, 112.0) (0.87, 113.8)
(0.0, 112.0) (0.0, 114.0)
(0.0, 114.0) (-0.87, 115.8)
(-0.87, 115.8) (-2.43, 117.05)
(-0.87, 115.8) (-1.73, 117.6)
(-1.73, 117.6) (-1.73, 119.6)
(-1.73, 117.6) (-2.6, 119.41)
(0.0, 114.0) (0.0, 116.0)
(0.0, 116.0) (-0.87, 117.8)
(0.0, 116.0) (0.0, 118.0)
(0.0, 118.0) (0.87, 119.8)
(0.0, 118.0) (0.0, 120.0)
(0.0, 120.0) (0.87, 121.8)
(0.87, 121.8) (0.87, 123.8)
(0.87, 121.8) (1.73, 123.6)
(1.73, 123.6) (3.3, 124.85)
(1.73, 123.6) (2.6, 125.41)
(0.0, 120.0) (0.0, 122.0)
(0.0, 122.0) (-0.87, 123.8)
(0.0, 122.0) (0.0, 124.0)
(0.0, 124.0) (0.87, 125.8)
(0.0, 124.0) (0.0, 126.0)
(0.0, 126.0) (-0.87, 127.8)
(-0.87, 127.8) (-2.43, 129.05)
(-0.87, 127.8) (-1.73, 129.6)
(-1.73, 129.6) (-1.73, 131.6)
(-1.73, 129.6) (-2.6, 131.41)
(-2.6, 131.41) (-4.16, 132.65)
(-4.16, 132.65) (-6.11, 133.1)
(-4.16, 132.65) (-5.73, 133.9)
(-5.73, 133.9) (-6.6, 135.7)
(-5.73, 133.9) (-7.29, 135.15)
(-2.6, 131.41) (-3.47, 133.21)
(-3.47, 133.21) (-5.03, 134.46)
(-3.47, 133.21) (-4.34, 135.01)
(-4.34, 135.01) (-4.34, 137.01)
(-4.34, 135.01) (-5.2, 136.81)
(-5.2, 136.81) (-5.2, 138.81)
(-5.2, 138.81) (-6.07, 140.62)
(-5.2, 138.81) (-5.2, 140.81)
(-5.2, 140.81) (-4.34, 142.62)
(-5.2, 140.81) (-5.2, 142.81)
(-5.2, 136.81) (-6.07, 138.62)
(-6.07, 138.62) (-7.63, 139.86)
(-6.07, 138.62) (-6.94, 140.42)
(-6.94, 140.42) (-6.94, 142.42)
(-6.94, 140.42) (-7.81, 142.22)
(0.0, 126.0) (0.0, 128.0)
(0.0, 128.0) (-0.87, 129.8)
(0.0, 128.0) (0.0, 130.0)
(0.0, 130.0) (0.87, 131.8)
(0.0, 130.0) (0.0, 132.0)
(0.0, 132.0) (-0.87, 133.8)
(-0.87, 133.8) (-2.43, 135.05)
(-0.87, 133.8) (-1.73, 135.6)
(-1.73, 135.6) (-1.73, 137.6)
(-1.73, 135.6) (-2.6, 137.41)
(0.0, 132.0) (0.0, 134.0)
(0.0, 134.0) (-0.87, 135.8)
(0.0, 134.0) (0.0, 136.0)
(0.0, 136.0) (0.87, 137.8)
(0.0, 136.0) (0.0, 138.0)
(0.0, 138.0) (0.87, 139.8)
(0.87, 139.8) (0.87, 141.8)
(0.87, 139.8) (1.73, 141.6)
(1.73, 141.6) (3.3, 142.85)
(1.73, 141.6) (2.6, 143.41)
(0.0, 138.0) (0.0, 140.0)
(0.0, 140.0) (-0.87, 141.8)
(0.0, 140.0) (0.0, 142.0)
(0.0, 142.0) (0.87, 143.8)
(0.0, 142.0) (0.0, 144.0)
(0.0, 144.0) (0.87, 145.8)
(0.87, 145.8) (0.87, 147.8)
(0.87, 145.8) (1.73, 147.6)
(1.73, 147.6) (3.3, 148.85)
(1.73, 147.6) (2.6, 149.41)
(2.6, 149.41) (2.6, 151.41)
(2.6, 151.41) (1.73, 153.21)
(2.6, 151.41) (2.6, 153.41)
(2.6, 153.41) (3.47, 155.21)
(2.6, 153.41) (2.6, 155.41)
(2.6, 149.41) (3.47, 151.21)
(3.47, 151.21) (3.47, 153.21)
(3.47, 151.21) (4.34, 153.01)
(4.34, 153.01) (5.9, 154.26)
(4.34, 153.01) (5.2, 154.81)
(5.2, 154.81) (6.77, 156.06)
(6.77, 156.06) (7.63, 157.86)
(6.77, 156.06) (8.33, 157.31)
(8.33, 157.31) (10.28, 157.75)
(8.33, 157.31) (9.89, 158.56)
(5.2, 154.81) (6.07, 156.62)
(6.07, 156.62) (6.07, 158.62)
(6.07, 156.62) (6.94, 158.42)
(6.94, 158.42) (8.5, 159.66)
(6.94, 158.42) (7.81, 160.22)
(0.0, 144.0) (0.0, 146.0)
(0.0, 146.0) (-0.87, 147.8)
(0.0, 146.0) (0.0, 148.0)
(0.0, 148.0) (0.87, 149.8)
(0.0, 148.0) (0.0, 150.0)
(0.0, 150.0) (-0.87, 151.8)
(-0.87, 151.8) (-2.43, 153.05)
(-0.87, 151.8) (-1.73, 153.6)
(-1.73, 153.6) (-1.73, 155.6)
(-1.73, 153.6) (-2.6, 155.41)
(0.0, 150.0) (0.0, 152.0)
(0.0, 152.0) (-0.87, 153.8)
(0.0, 152.0) (0.0, 154.0)
(0.0, 154.0) (0.87, 155.8)
(0.0, 154.0) (0.0, 156.0)
(0.0, 156.0) (0.87, 157.8)
(0.87, 157.8) (0.87, 159.8)
(0.87, 157.8) (1.73, 159.6)
(1.73, 159.6) (3.3, 160.85)
(1.73, 159.6) (2.6, 161.41)
(0.0, 156.0) (0.0, 158.0)
(0.0, 158.0) (-0.87, 159.8)
(0.0, 158.0) (0.0, 160.0)
(0.0, 160.0) (0.87, 161.8)
(0.0, 160.0) (0.0, 162.0)
(0.0, 162.0) (-0.87, 163.8)
(-0.87, 163.8) (-2.43, 165.05)
(-0.87, 163.8) (-1.73, 165.6)
(-1.73, 165.6) (-1.73, 167.6)
(-1.73, 165.6) (-2.6, 167.41)
(-2.6, 167.41) (-4.16, 168.65)
(-4.16, 168.65) (-6.11, 169.1)
(-4.16, 168.65) (-5.73, 169.9)
(-5.73, 169.9) (-6.6, 171.7)
(-5.73, 169.9) (-7.29, 171.15)
(-2.6, 167.41) (-3.47, 169.21)
(-3.47, 169.21) (-5.03, 170.46)
(-3.47, 169.21) (-4.34, 171.01)
(-4.34, 171.01) (-4.34, 173.01)
(-4.34, 171.01) (-5.2, 172.81)
(-5.2, 172.81) (-5.2, 174.81)
(-5.2, 174.81) (-6.07, 176.62)
(-5.2, 174.81) (-5.2, 176.81)
(-5.2, 176.81) (-4.34, 178.62)
(-5.2, 176.81) (-5.2, 178.81)
(-5.2, 172.81) (-6.07, 174.62)
(-6.07, 174.62) (-7.63, 175.86)
(-6.07, 174.62) (-6.94, 176.42)
(-6.94, 176.42) (-6.94, 178.42)
(-6.94, 176.42) (-7.81, 178.22)
(-7.81, 178.22) (-9.37, 179.47)
(-9.37, 179.47) (-11.32, 179.91)
(-9.37, 179.47) (-10.93, 180.71)
(-10.93, 180.71) (-11.8, 182.52)
(-10.93, 180.71) (-12.49, 181.96)
(-12.49, 181.96) (-14.44, 182.41)
(-14.44, 182.41) (-16.39, 181.97)
(-14.44, 182.41) (-16.39, 182.86)
(-16.39, 182.86) (-17.96, 184.1)
(-16.39, 182.86) (-18.34, 183.3)
(-12.49, 181.96) (-14.06, 183.21)
(-14.06, 183.21) (-16.01, 183.66)
(-14.06, 183.21) (-15.62, 184.46)
(-15.62, 184.46) (-16.49, 186.26)
(-15.62, 184.46) (-17.18, 185.71)
(-17.18, 185.71) (-18.05, 187.51)
(-18.05, 187.51) (-19.61, 188.76)
(-18.05, 187.51) (-18.92, 189.31)
(-18.92, 189.31) (-18.92, 191.31)
(-18.92, 189.31) (-19.79, 191.11)
(-17.18, 185.71) (-18.75, 186.95)
(-18.75, 186.95) (-20.7, 187.4)
(-18.75, 186.95) (-20.31, 188.2)
(-20.31, 188.2) (-21.18, 190.0)
(-20.31, 188.2) (-21.87, 189.45)
(-7.81, 178.22) (-8.67, 180.02)
(-8.67, 180.02) (-10.24, 181.27)
(-8.67, 180.02) (-9.54, 181.82)
(-9.54, 181.82) (-9.54, 183.82)
(-9.54, 181.82) (-10.41, 183.63)
(-10.41, 183.63) (-11.97, 184.87)
(-11.97, 184.87) (-13.92, 185.32)
(-11.97, 184.87) (-13.53, 186.12)
(-13.53, 186.12) (-14.4, 187.92)
(-13.53, 186.12) (-15.1, 187.37)
(-10.41, 183.63) (-11.28, 185.43)
(-11.28, 185.43) (-12.84, 186.68)
(-11.28, 185.43) (-12.14, 187.23)
(-12.14, 187.23) (-12.14, 189.23)
(-12.14, 187.23) (-13.01, 189.03)
(-13.01, 189.03) (-13.01, 191.03)
(-13.01, 191.03) (-13.88, 192.83)
(-13.01, 191.03) (-13.01, 193.03)
(-13.01, 193.03) (-12.14, 194.83)
(-13.01, 193.03) (-13.01, 195.03)
(-13.01, 189.03) (-13.88, 190.83)
(-13.88, 190.83) (-15.44, 192.08)
(-13.88, 190.83) (-14.74, 192.64)
(-14.74, 192.64) (-14.74, 194.64)
(-14.74, 192.64) (-15.61, 194.44)
(-15.61, 194.44) (-15.61, 196.44)
(-15.61, 196.44) (-16.48, 198.24)
(-15.61, 196.44) (-15.61, 198.44)
(-15.61, 198.44) (-14.74, 200.24)
(-15.61, 198.44) (-15.61, 200.44)
(-15.61, 200.44) (-16.48, 202.24)
(-16.48, 202.24) (-18.04, 203.49)
(-16.48, 202.24) (-17.35, 204.04)
(-17.35, 204.04) (-17.35, 206.04)
(-17.35, 204.04) (-18.21, 205.85)
(-15.61, 200.44) (-15.61, 202.44)
(-15.61, 202.44) (-16.48, 204.24)
(-15.61, 202.44) (-15.61, 204.44)
(-15.61, 204.44) (-14.74, 206.24)
(-15.61, 204.44) (-15.61, 206.44)
(-15.61, 206.44) (-14.74, 208.24)
(-14.74, 208.24) (-14.74, 210.24)
(-14.74, 208.24) (-13.88, 210.04)
(-13.88, 210.04) (-12.31, 211.29)
(-13.88, 210.04) (-13.01, 211.85)
(-15.61, 206.44) (-15.61, 208.44)
(-15.61, 208.44) (-16.48, 210.24)
(-15.61, 208.44) (-15.61, 210.44)
(-15.61, 210.44) (-14.74, 212.24)
(-15.61, 210.44) (-15.61, 212.44)
(-15.61, 194.44) (-16.48, 196.24)
(-16.48, 196.24) (-18.04, 197.49)
(-16.48, 196.24) (-17.35, 198.04)
(-17.35, 198.04) (-17.35, 200.04)
(-17.35, 198.04) (-18.21, 199.85)
(-18.21, 199.85) (-19.78, 201.09)
(-19.78, 201.09) (-21.73, 201.54)
(-19.78, 201.09) (-21.34, 202.34)
(-21.34, 202.34) (-22.21, 204.14)
(-21.34, 202.34) (-22.9, 203.59)
(-18.21, 199.85) (-19.08, 201.65)
(-19.08, 201.65) (-20.64, 202.9)
(-19.08, 201.65) (-19.95, 203.45)
(-19.95, 203.45) (-19.95, 205.45)
(-19.95, 203.45) (-20.82, 205.25)
(-20.82, 205.25) (-20.82, 207.25)
(-20.82, 207.25) (-21.68, 209.05)
(-20.82, 207.25) (-20.82, 209.25)
(-20.82, 209.25) (-19.95, 211.05)
(-20.82, 209.25) (-20.82, 211.25)
(-20.82, 205.25) (-21.68, 207.05)
(-21.68, 207.05) (-23.25, 208.3)
(-21.68, 207.05) (-22.55, 208.86)
(-22.55, 208.86) (-22.55, 210.86)
(-22.55, 208.86) (-23.42, 210.66)
(-23.42, 210.66) (-24.98, 211.91)
(-24.98, 211.91) (-26.93, 212.35)
(-24.98, 211.91) (-26.54, 213.15)
(-26.54, 213.15) (-27.41, 214.96)
(-26.54, 213.15) (-28.11, 214.4)
(-28.11, 214.4) (-30.06, 214.85)
(-30.06, 214.85) (-32.01, 214.4)
(-30.06, 214.85) (-32.01, 215.29)
(-32.01, 215.29) (-33.57, 216.54)
(-32.01, 215.29) (-33.96, 215.74)
(-28.11, 214.4) (-29.67, 215.65)
(-29.67, 215.65) (-31.62, 216.1)
(-29.67, 215.65) (-31.23, 216.9)
(-31.23, 216.9) (-32.1, 218.7)
(-31.23, 216.9) (-32.8, 218.14)
(-32.8, 218.14) (-33.66, 219.95)
(-33.66, 219.95) (-35.23, 221.19)
(-33.66, 219.95) (-34.53, 221.75)
(-34.53, 221.75) (-34.53, 223.75)
(-34.53, 221.75) (-35.4, 223.55)
(-32.8, 218.14) (-34.36, 219.39)
(-34.36, 219.39) (-36.31, 219.84)
(-34.36, 219.39) (-35.92, 220.64)
(-35.92, 220.64) (-36.79, 222.44)
(-35.92, 220.64) (-37.48, 221.89)
(-37.48, 221.89) (-39.43, 222.33)
(-39.43, 222.33) (-41.38, 221.89)
(-39.43, 222.33) (-41.38, 222.78)
(-41.38, 222.78) (-42.95, 224.03)
(-41.38, 222.78) (-43.33, 223.23)
(-43.33, 223.23) (-45.28, 222.78)
(-45.28, 222.78) (-46.85, 221.54)
(-45.28, 222.78) (-47.23, 222.34)
(-47.23, 222.34) (-49.18, 222.79)
(-47.23, 222.34) (-49.18, 221.9)
(-43.33, 223.23) (-45.28, 223.67)
(-45.28, 223.67) (-47.23, 223.23)
(-45.28, 223.67) (-47.23, 224.12)
(-47.23, 224.12) (-48.8, 225.37)
(-47.23, 224.12) (-49.18, 224.57)
(-49.18, 224.57) (-50.75, 225.81)
(-50.75, 225.81) (-52.69, 226.26)
(-50.75, 225.81) (-52.31, 227.06)
(-52.31, 227.06) (-53.18, 228.86)
(-52.31, 227.06) (-53.87, 228.31)
(-49.18, 224.57) (-51.13, 225.01)
(-51.13, 225.01) (-53.08, 224.57)
(-51.13, 225.01) (-53.08, 225.46)
(-53.08, 225.46) (-54.64, 226.71)
(-53.08, 225.46) (-55.03, 225.91)
(-37.48, 221.89) (-39.05, 223.14)
(-39.05, 223.14) (-41.0, 223.58)
(-39.05, 223.14) (-40.61, 224.38)
(-40.61, 224.38) (-41.48, 226.19)
(-40.61, 224.38) (-42.17, 225.63)
(-42.17, 225.63) (-44.12, 226.08)
(-44.12, 226.08) (-46.07, 225.63)
(-44.12, 226.08) (-46.07, 226.52)
(-46.07, 226.52) (-47.64, 227.77)
(-46.07, 226.52) (-48.02, 226.97)
(-42.17, 225.63) (-43.74, 226.88)
(-43.74, 226.88) (-45.69, 227.33)
(-43.74, 226.88) (-45.3, 228.13)
(-45.3, 228.13) (-46.17, 229.93)
(-45.3, 228.13) (-46.86, 229.37)
(-46.86, 229.37) (-47.73, 231.18)
(-47.73, 231.18) (-49.29, 232.42)
(-47.73, 231.18) (-48.6, 232.98)
(-48.6, 232.98) (-48.6, 234.98)
(-48.6, 232.98) (-49.47, 234.78)
(-46.86, 229.37) (-48.43, 230.62)
(-48.43, 230.62) (-50.38, 231.07)
(-48.43, 230.62) (-49.99, 231.87)
(-49.99, 231.87) (-50.86, 233.67)
(-49.99, 231.87) (-51.55, 233.12)
(-51.55, 233.12) (-52.42, 234.92)
(-52.42, 234.92) (-53.98, 236.17)
(-52.42, 234.92) (-53.29, 236.72)
(-53.29, 236.72) (-53.29, 238.72)
(-53.29, 236.72) (-54.15, 238.52)
(-54.15, 238.52) (-55.72, 239.77)
(-55.72, 239.77) (-57.67, 240.22)
(-55.72, 239.77) (-57.28, 241.02)
(-57.28, 241.02) (-58.15, 242.82)
(-57.28, 241.02) (-58.84, 242.27)
(-54.15, 238.52) (-55.02, 240.33)
(-55.02, 240.33) (-56.58, 241.57)
(-55.02, 240.33) (-55.89, 242.13)
(-55.89, 242.13) (-55.89, 244.13)
(-55.89, 242.13) (-56.76, 243.93)
(-56.76, 243.93) (-56.76, 245.93)
(-56.76, 245.93) (-57.62, 247.73)
(-56.76, 245.93) (-56.76, 247.93)
(-56.76, 247.93) (-55.89, 249.73)
(-56.76, 247.93) (-56.76, 249.93)
(-56.76, 243.93) (-57.62, 245.73)
(-57.62, 245.73) (-59.19, 246.98)
(-57.62, 245.73) (-58.49, 247.54)
(-58.49, 247.54) (-58.49, 249.54)
(-58.49, 247.54) (-59.36, 249.34)
(-51.55, 233.12) (-53.12, 234.37)
(-53.12, 234.37) (-55.06, 234.81)
(-53.12, 234.37) (-54.68, 235.61)
(-54.68, 235.61) (-55.55, 237.42)
(-54.68, 235.61) (-56.24, 236.86)
(-56.24, 236.86) (-58.19, 237.31)
(-58.19, 237.31) (-60.14, 236.86)
(-58.19, 237.31) (-60.14, 237.75)
(-60.14, 237.75) (-61.7, 239.0)
(-60.14, 237.75) (-62.09, 238.2)
(-56.24, 236.86) (-57.8, 238.11)
(-57.8, 238.11) (-59.75, 238.56)
(-57.8, 238.11) (-59.37, 239.36)
(-59.37, 239.36) (-60.23, 241.16)
(-59.37, 239.36) (-60.93, 240.6)
(-60.93, 240.6) (-61.8, 242.41)
(-61.8, 242.41) (-63.36, 243.65)
(-61.8, 242.41) (-62.67, 244.21)
(-62.67, 244.21) (-62.67, 246.21)
(-62.67, 244.21) (-63.53, 246.01)
(-60.93, 240.6) (-62.49, 241.85)
(-62.49, 241.85) (-64.44, 242.3)
(-62.49, 241.85) (-64.06, 243.1)
(-64.06, 243.1) (-64.92, 244.9)
(-64.06, 243.1) (-65.62, 244.35)
(-23.42, 210.66) (-24.28, 212.46)
(-24.28, 212.46) (-25.85, 213.71)
(-24.28, 212.46) (-25.15, 214.26)
(-25.15, 214.26) (-25.15, 216.26)
(-25.15, 214.26) (-26.02, 216.06)
(-26.02, 216.06) (-27.58, 217.31)
(-27.58, 217.31) (-29.53, 217.76)
(-27.58, 217.31) (-29.15, 218.56)
(-29.15, 218.56) (-30.01, 220.36)
(-29.15, 218.56) (-30.71, 219.81)
(-26.02, 216.06) (-26.89, 217.87)
(-26.89, 217.87) (-28.45, 219.11)
(-26.89, 217.87) (-27.75, 219.67)
(-27.75, 219.67) (-27.75, 221.67)
(-27.75, 219.67) (-28.62, 221.47)
(-28.62, 221.47) (-28.62, 223.47)
(-28.62, 223.47) (-29.49, 225.27)
(-28.62, 223.47) (-28.62, 225.47)
(-28.62, 225.47) (-27.75, 227.27)
(-28.62, 225.47) (-28.62, 227.47)
(-28.62, 221.47) (-29.49, 223.27)
(-29.49, 223.27) (-31.05, 224.52)
(-29.49, 223.27) (-30.36, 225.08)
(-30.36, 225.08) (-30.36, 227.08)
(-30.36, 225.08) (-31.22, 226.88)
(-31.22, 226.88) (-32.79, 228.13)
(-32.79, 228.13) (-34.74, 228.57)
(-32.79, 228.13) (-34.35, 229.37)
(-34.35, 229.37) (-35.22, 231.18)
(-34.35, 229.37) (-35.91, 230.62)
(-35.91, 230.62) (-37.86, 231.07)
(-37.86, 231.07) (-39.81, 230.62)
(-37.86, 231.07) (-39.81, 231.51)
(-39.81, 231.51) (-41.37, 232.76)
(-39.81, 231.51) (-41.76, 231.96)
(-35.91, 230.62) (-37.48, 231.87)
(-37.48, 231.87) (-39.43, 232.32)
(-37.48, 231.87) (-39.04, 233.12)
(-39.04, 233.12) (-39.91, 234.92)
(-39.04, 233.12) (-40.6, 234.36)
(-40.6, 234.36) (-41.47, 236.17)
(-41.47, 236.17) (-43.03, 237.41)
(-41.47, 236.17) (-42.34, 237.97)
(-42.34, 237.97) (-42.34, 239.97)
(-42.34, 237.97) (-43.2, 239.77)
(-40.6, 234.36) (-42.16, 235.61)
(-42.16, 235.61) (-44.11, 236.06)
(-42.16, 235.61) (-43.73, 236.86)
(-43.73, 236.86) (-44.6, 238.66)
(-43.73, 236.86) (-45.29, 238.11)
(-31.22, 226.88) (-32.09, 228.68)
(-32.09, 228.68) (-33.65, 229.93)
(-32.09, 228.68) (-32.96, 230.48)
(-32.96, 230.48) (-32.96, 232.48)
(-32.96, 230.48) (-33.83, 232.28)
(-33.83, 232.28) (-35.39, 233.53)
(-35.39, 233.53) (-37.34, 233.98)
(-35.39, 233.53) (-36.95, 234.78)
(-36.95, 234.78) (-37.82, 236.58)
(-36.95, 234.78) (-38.51, 236.03)
(-33.83, 232.28) (-34.69, 234.09)
(-34.69, 234.09) (-36.26, 235.33)
(-34.69, 234.09) (-35.56, 235.89)
(-35.56, 235.89) (-35.56, 237.89)
(-35.56, 235.89) (-36.43, 237.69)
(-36.43, 237.69) (-36.43, 239.69)
(-36.43, 239.69) (-37.29, 241.49)
(-36.43, 239.69) (-36.43, 241.69)
(-36.43, 241.69) (-35.56, 243.49)
(-36.43, 241.69) (-36.43, 243.69)
(-36.43, 237.69) (-37.29, 239.49)
(-37.29, 239.49) (-38.86, 240.74)
(-37.29, 239.49) (-38.16, 241.29)
(-38.16, 241.29) (-38.16, 243.29)
(-38.16, 241.29) (-39.03, 243.1)
(-39.03, 243.1) (-39.03, 245.1)
(-39.03, 245.1) (-39.9, 246.9)
(-39.03, 245.1) (-39.03, 247.1)
(-39.03, 247.1) (-38.16, 248.9)
(-39.03, 247.1) (-39.03, 249.1)
(-39.03, 249.1) (-39.9, 250.9)
(-39.9, 250.9) (-41.46, 252.15)
(-39.9, 250.9) (-40.76, 252.7)
(-40.76, 252.7) (-40.76, 254.7)
(-40.76, 252.7) (-41.63, 254.5)
(-39.03, 249.1) (-39.03, 251.1)
(-39.03, 251.1) (-39.9, 252.9)
(-39.03, 251.1) (-39.03, 253.1)
(-39.03, 253.1) (-38.16, 254.9)
(-39.03, 253.1) (-39.03, 255.1)
(-39.03, 255.1) (-38.16, 256.9)
(-38.16, 256.9) (-38.16, 258.9)
(-38.16, 256.9) (-37.29, 258.7)
(-37.29, 258.7) (-35.73, 259.95)
(-37.29, 258.7) (-36.43, 260.5)
(-39.03, 255.1) (-39.03, 257.1)
(-39.03, 257.1) (-39.9, 258.9)
(-39.03, 257.1) (-39.03, 259.1)
(-39.03, 259.1) (-38.16, 260.9)
(-39.03, 259.1) (-39.03, 261.1)
(-39.03, 243.1) (-39.9, 244.9)
(-39.9, 244.9) (-41.46, 246.15)
(-39.9, 244.9) (-40.76, 246.7)
(-40.76, 246.7) (-40.76, 248.7)
(-40.76, 246.7) (-41.63, 248.5)
(-41.63, 248.5) (-43.19, 249.75)
(-43.19, 249.75) (-45.14, 250.2)
(-43.19, 249.75) (-44.76, 251.0)
(-44.76, 251.0) (-45.62, 252.8)
(-44.76, 251.0) (-46.32, 252.25)
(-41.63, 248.5) (-42.5, 250.31)
(-42.5, 250.31) (-44.06, 251.55)
(-42.5, 250.31) (-43.37, 252.11)
(-43.37, 252.11) (-43.37, 254.11)
(-43.37, 252.11) (-44.23, 253.91)
(-44.23, 253.91) (-44.23, 255.91)
(-44.23, 255.91) (-45.1, 257.71)
(-44.23, 255.91) (-44.23, 257.91)
(-44.23, 257.91) (-43.37, 259.71)
(-44.23, 257.91) (-44.23, 259.91)
(-44.23, 253.91) (-45.1, 255.71)
(-45.1, 255.71) (-46.66, 256.96)
(-45.1, 255.71) (-45.97, 257.51)
(-45.97, 257.51) (-45.97, 259.51)
(-45.97, 257.51) (-46.84, 259.32)
(-46.84, 259.32) (-46.84, 261.32)
(-46.84, 261.32) (-47.7, 263.12)
(-46.84, 261.32) (-46.84, 263.32)
(-46.84, 263.32) (-45.97, 265.12)
(-46.84, 263.32) (-46.84, 265.32)
(-46.84, 265.32) (-47.7, 267.12)
(-47.7, 267.12) (-49.27, 268.37)
(-47.7, 267.12) (-48.57, 268.92)
(-48.57, 268.92) (-48.57, 270.92)
(-48.57, 268.92) (-49.44, 270.72)
(-46.84, 265.32) (-46.84, 267.32)
(-46.84, 267.32) (-47.7, 269.12)
(-46.84, 267.32) (-46.84, 269.32)
(-46.84, 269.32) (-45.97, 271.12)
(-46.84, 269.32) (-46.84, 271.32)
(-46.84, 271.32) (-45.97, 273.12)
(-45.97, 273.12) (-45.97, 275.12)
(-45.97, 273.12) (-45.1, 274.92)
(-45.1, 274.92) (-43.54, 276.17)
(-45.1, 274.92) (-44.23, 276.72)
(-46.84, 271.32) (-46.84, 273.32)
(-46.84, 273.32) (-47.7, 275.12)
(-46.84, 273.32) (-46.84, 275.32)
(-46.84, 275.32) (-45.97, 277.12)
(-46.84, 275.32) (-46.84, 277.32)
(-46.84, 277.32) (-47.7, 279.12)
(-47.7, 279.12) (-49.27, 280.37)
(-47.7, 279.12) (-48.57, 280.92)
(-48.57, 280.92) (-48.57, 282.92)
(-48.57, 280.92) (-49.44, 282.72)
(-49.44, 282.72) (-51.0, 283.97)
(-51.0, 283.97) (-52.95, 284.42)
(-51.0, 283.97) (-52.56, 285.22)
(-52.56, 285.22) (-53.43, 287.02)
(-52.56, 285.22) (-54.13, 286.47)
(-49.44, 282.72) (-50.3, 284.52)
(-50.3, 284.52) (-51.87, 285.77)
(-50.3, 284.52) (-51.17, 286.33)
(-51.17, 286.33) (-51.17, 288.33)
(-51.17, 286.33) (-52.04, 288.13)
(-52.04, 288.13) (-52.04, 290.13)
(-52.04, 290.13) (-52.91, 291.93)
(-52.04, 290.13) (-52.04, 292.13)
(-52.04, 292.13) (-51.17, 293.93)
(-52.04, 292.13) (-52.04, 294.13)
(-52.04, 288.13) (-52.91, 289.93)
(-52.91, 289.93) (-54.47, 291.18)
(-52.91, 289.93) (-53.77, 291.73)
(-53.77, 291.73) (-53.77, 293.73)
(-53.77, 291.73) (-54.64, 293.54)
(-46.84, 277.32) (-46.84, 279.32)
(-46.84, 279.32) (-47.7, 281.12)
(-46.84, 279.32) (-46.84, 281.32)
(-46.84, 281.32) (-45.97, 283.12)
(-46.84, 281.32) (-46.84, 283.32)
(-46.84, 283.32) (-47.7, 285.12)
(-47.7, 285.12) (-49.27, 286.37)
(-47.7, 285.12) (-48.57, 286.92)
(-48.57, 286.92) (-48.57, 288.92)
(-48.57, 286.92) (-49.44, 288.72)
(-46.84, 283.32) (-46.84, 285.32)
(-46.84, 285.32) (-47.7, 287.12)
(-46.84, 285.32) (-46.84, 287.32)
(-46.84, 287.32) (-45.97, 289.12)
(-46.84, 287.32) (-46.84, 289.32)
(-46.84, 289.32) (-45.97, 291.12)
(-45.97, 291.12) (-45.97, 293.12)
(-45.97, 291.12) (-45.1, 292.92)
(-45.1, 292.92) (-43.54, 294.17)
(-45.1, 292.92) (-44.23, 294.72)
(-46.84, 289.32) (-46.84, 291.32)
(-46.84, 291.32) (-47.7, 293.12)
(-46.84, 291.32) (-46.84, 293.32)
(-46.84, 293.32) (-45.97, 295.12)
(-46.84, 293.32) (-46.84, 295.32)
(-46.84, 295.32) (-45.97, 297.12)
(-45.97, 297.12) (-45.97, 299.12)
(-45.97, 297.12) (-45.1, 298.92)
(-45.1, 298.92) (-43.54, 300.17)
(-45.1, 298.92) (-44.23, 300.72)
(-44.23, 300.72) (-44.23, 302.72)
(-44.23, 302.72) (-45.1, 304.52)
(-44.23, 302.72) (-44.23, 304.72)
(-44.23, 304.72) (-43.37, 306.52)
(-44.23, 304.72) (-44.23, 306.72)
(-44.23, 300.72) (-43.37, 302.52)
(-43.37, 302.52) (-43.37, 304.52)
(-43.37, 302.52) (-42.5, 304.33)
(-42.5, 304.33) (-40.94, 305.57)
(-42.5, 304.33) (-41.63, 306.13)
(-41.63, 306.13) (-40.07, 307.38)
(-40.07, 307.38) (-39.2, 309.18)
(-40.07, 307.38) (-38.51, 308.62)
(-38.51, 308.62) (-36.56, 309.07)
(-38.51, 308.62) (-36.94, 309.87)
(-41.63, 306.13) (-40.76, 307.93)
(-40.76, 307.93) (-40.76, 309.93)
(-40.76, 307.93) (-39.9, 309.73)
(-39.9, 309.73) (-38.33, 310.98)
(-39.9, 309.73) (-39.03, 311.54)
(-46.84, 295.32) (-46.84, 297.32)
(-46.84, 297.32) (-47.7, 299.12)
(-46.84, 297.32) (-46.84, 299.32)
(-46.84, 299.32) (-45.97, 301.12)
(-46.84, 299.32) (-46.84, 301.32)
(-46.84, 301.32) (-47.7, 303.12)
(-47.7, 303.12) (-49.27, 304.37)
(-47.7, 303.12) (-48.57, 304.92)
(-48.57, 304.92) (-48.57, 306.92)
(-48.57, 304.92) (-49.44, 306.72)
(-46.84, 301.32) (-46.84, 303.32)
(-46.84, 303.32) (-47.7, 305.12)
(-46.84, 303.32) (-46.84, 305.32)
(-46.84, 305.32) (-45.97, 307.12)
(-46.84, 305.32) (-46.84, 307.32)
(-46.84, 307.32) (-45.97, 309.12)
(-45.97, 309.12) (-45.97, 311.12)
(-45.97, 309.12) (-45.1, 310.92)
(-45.1, 310.92) (-43.54, 312.17)
(-45.1, 310.92) (-44.23, 312.72)
(-46.84, 307.32) (-46.84, 309.32)
(-46.84, 309.32) (-47.7, 311.12)
(-46.84, 309.32) (-46.84, 311.32)
(-46.84, 311.32) (-45.97, 313.12)
(-46.84, 311.32) (-46.84, 313.32)
(-46.84, 259.32) (-47.7, 261.12)
(-47.7, 261.12) (-49.27, 262.37)
(-47.7, 261.12) (-48.57, 262.92)
(-48.57, 262.92) (-48.57, 264.92)
(-48.57, 262.92) (-49.44, 264.72)
(-49.44, 264.72) (-51.0, 265.97)
(-51.0, 265.97) (-52.95, 266.42)
(-51.0, 265.97) (-52.56, 267.22)
(-52.56, 267.22) (-53.43, 269.02)
(-52.56, 267.22) (-54.13, 268.47)
(-49.44, 264.72) (-50.3, 266.52)
(-50.3, 266.52) (-51.87, 267.77)
(-50.3, 266.52) (-51.17, 268.33)
(-51.17, 268.33) (-51.17, 270.33)
(-51.17, 268.33) (-52.04, 270.13)
(-52.04, 270.13) (-52.04, 272.13)
(-52.04, 272.13) (-52.91, 273.93)
(-52.04, 272.13) (-52.04, 274.13)
(-52.04, 274.13) (-51.17, 275.93)
(-52.04, 274.13) (-52.04, 276.13)
(-52.04, 270.13) (-52.91, 271.93)
(-52.91, 271.93) (-54.47, 273.18)
(-52.91, 271.93) (-53.77, 273.73)
(-53.77, 273.73) (-53.77, 275.73)
(-53.77, 273.73) (-54.64, 275.54)
(-54.64, 275.54) (-56.2, 276.78)
(-56.2, 276.78) (-58.15, 277.23)
(-56.2, 276.78) (-57.77, 278.03)
(-57.77, 278.03) (-58.63, 279.83)
(-57.77, 278.03) (-59.33, 279.28)
(-59.33, 279.28) (-61.28, 279.73)
(-61.28, 279.73) (-63.23, 279.28)
(-61.28, 279.73) (-63.23, 280.17)
(-63.23, 280.17) (-64.79, 281.42)
(-63.23, 280.17) (-65.18, 280.62)
(-59.33, 279.28) (-60.89, 280.53)
(-60.89, 280.53) (-62.84, 280.97)
(-60.89, 280.53) (-62.46, 281.77)
(-62.46, 281.77) (-63.32, 283.58)
(-62.46, 281.77) (-64.02, 283.02)
(-64.02, 283.02) (-64.89, 284.82)
(-64.89, 284.82) (-66.45, 286.07)
(-64.89, 284.82) (-65.75, 286.63)
(-65.75, 286.63) (-65.75, 288.63)
(-65.75, 286.63) (-66.62, 288.43)
(-64.02, 283.02) (-65.58, 284.27)
(-65.58, 284.27) (-67.53, 284.72)
(-65.58, 284.27) (-67.15, 285.52)
(-67.15, 285.52) (-68.01, 287.32)
(-67.15, 285.52) (-68.71, 286.77)
(-54.64, 275.54) (-55.51, 277.34)
(-55.51, 277.34) (-57.07, 278.59)
(-55.51, 277.34) (-56.38, 279.14)
(-56.38, 279.14) (-56.38, 281.14)
(-56.38, 279.14) (-57.24, 280.94)
(-57.24, 280.94) (-58.81, 282.19)
(-58.81, 282.19) (-60.76, 282.64)
(-58.81, 282.19) (-60.37, 283.44)
(-60.37, 283.44) (-61.24, 285.24)
(-60.37, 283.44) (-61.93, 284.69)
(-57.24, 280.94) (-58.11, 282.74)
(-58.11, 282.74) (-59.67, 283.99)
(-58.11, 282.74) (-58.98, 284.55)
(-58.98, 284.55) (-58.98, 286.55)
(-58.98, 284.55) (-59.84, 286.35)
(-59.84, 286.35) (-59.84, 288.35)
(-59.84, 288.35) (-60.71, 290.15)
(-59.84, 288.35) (-59.84, 290.35)
(-59.84, 290.35) (-58.98, 292.15)
(-59.84, 290.35) (-59.84, 292.35)
(-59.84, 286.35) (-60.71, 288.15)
(-60.71, 288.15) (-62.28, 289.4)
(-60.71, 288.15) (-61.58, 289.95)
(-61.58, 289.95) (-61.58, 291.95)
(-61.58, 289.95) (-62.45, 291.76)
(-62.45, 291.76) (-62.45, 293.76)
(-62.45, 293.76) (-63.31, 295.56)
(-62.45, 293.76) (-62.45, 295.76)
(-62.45, 295.76) (-61.58, 297.56)
(-62.45, 295.76) (-62.45, 297.76)
(-62.45, 297.76) (-63.31, 299.56)
(-63.31, 299.56) (-64.88, 300.81)
(-63.31, 299.56) (-64.18, 301.36)
(-64.18, 301.36) (-64.18, 303.36)
(-64.18, 301.36) (-65.05, 303.16)
(-62.45, 297.76) (-62.45, 299.76)
(-62.45, 299.76) (-63.31, 301.56)
(-62.45, 299.76) (-62.45, 301.76)
(-62.45, 301.76) (-61.58, 303.56)
(-62.45, 301.76) (-62.45, 303.76)
(-62.45, 303.76) (-61.58, 305.56)
(-61.58, 305.56) (-61.58, 307.56)
(-61.58, 305.56) (-60.71, 307.36)
(-60.71, 307.36) (-59.15, 308.61)
(-60.71, 307.36) (-59.84, 309.16)
(-62.45, 303.76) (-62.45, 305.76)
(-62.45, 305.76) (-63.31, 307.56)
(-62.45, 305.76) (-62.45, 307.76)
(-62.45, 307.76) (-61.58, 309.56)
(-62.45, 307.76) (-62.45, 309.76)
(-62.45, 291.76) (-63.31, 293.56)
(-63.31, 293.56) (-64.88, 294.81)
(-63.31, 293.56) (-64.18, 295.36)
(-64.18, 295.36) (-64.18, 297.36)
(-64.18, 295.36) (-65.05, 297.16)
(-65.05, 297.16) (-66.61, 298.41)
(-66.61, 298.41) (-68.56, 298.86)
(-66.61, 298.41) (-68.17, 299.66)
(-68.17, 299.66) (-69.04, 301.46)
(-68.17, 299.66) (-69.74, 300.9)
(-65.05, 297.16) (-65.92, 298.96)
(-65.92, 298.96) (-67.48, 300.21)
(-65.92, 298.96) (-66.78, 300.77)
(-66.78, 300.77) (-66.78, 302.77)
(-66.78, 300.77) (-67.65, 302.57)
(-67.65, 302.57) (-67.65, 304.57)
(-67.65, 304.57) (-68.52, 306.37)
(-67.65, 304.57) (-67.65, 306.57)
(-67.65, 306.57) (-66.78, 308.37)
(-67.65, 306.57) (-67.65, 308.57)
(-67.65, 302.57) (-68.52, 304.37)
(-68.52, 304.37) (-70.08, 305.62)
(-68.52, 304.37) (-69.39, 306.17)
(-69.39, 306.17) (-69.39, 308.17)
(-69.39, 306.17) (-70.25, 307.97)
(0.0, 162.0) (0.0, 164.0)
(0.0, 164.0) (-0.87, 165.8)
(0.0, 164.0) (0.0, 166.0)
(0.0, 166.0) (0.87, 167.8)
(0.0, 166.0) (0.0, 168.0)
(0.0, 168.0) (-0.87, 169.8)
(-0.87, 169.8) (-2.43, 171.05)
(-0.87, 169.8) (-1.73, 171.6)
(-1.73, 171.6) (-1.73, 173.6)
(-1.73, 171.6) (-2.6, 173.41)
(0.0, 168.0) (0.0, 170.0)
(0.0, 170.0) (-0.87, 171.8)
(0.0, 170.0) (0.0, 172.0)
(0.0, 172.0) (0.87, 173.8)
(0.0, 172.0) (0.0, 174.0)
(0.0, 174.0) (0.87, 175.8)
(0.87, 175.8) (0.87, 177.8)
(0.87, 175.8) (1.73, 177.6)
(1.73, 177.6) (3.3, 178.85)
(1.73, 177.6) (2.6, 179.41)
(0.0, 174.0) (0.0, 176.0)
(0.0, 176.0) (-0.87, 177.8)
(0.0, 176.0) (0.0, 178.0)
(0.0, 178.0) (0.87, 179.8)
(0.0, 178.0) (0.0, 180.0)
(0.0, 180.0) (-0.87, 181.8)
(-0.87, 181.8) (-2.43, 183.05)
(-0.87, 181.8) (-1.73, 183.6)
(-1.73, 183.6) (-1.73, 185.6)
(-1.73, 183.6) (-2.6, 185.41)
(-2.6, 185.41) (-4.16, 186.65)
(-4.16, 186.65) (-6.11, 187.1)
(-4.16, 186.65) (-5.73, 187.9)
(-5.73, 187.9) (-6.6, 189.7)
(-5.73, 187.9) (-7.29, 189.15)
(-2.6, 185.41) (-3.47, 187.21)
(-3.47, 187.21) (-5.03, 188.46)
(-3.47, 187.21) (-4.34, 189.01)
(-4.34, 189.01) (-4.34, 191.01)
(-4.34, 189.01) (-5.2, 190.81)
(-5.2, 190.81) (-5.2, 192.81)
(-5.2, 192.81) (-6.07, 194.62)
(-5.2, 192.81) (-5.2, 194.81)
(-5.2, 194.81) (-4.34, 196.62)
(-5.2, 194.81) (-5.2, 196.81)
(-5.2, 190.81) (-6.07, 192.62)
(-6.07, 192.62) (-7.63, 193.86)
(-6.07, 192.62) (-6.94, 194.42)
(-6.94, 194.42) (-6.94, 196.42)
(-6.94, 194.42) (-7.81, 196.22)
(0.0, 180.0) (0.0, 182.0)
(0.0, 182.0) (-0.87, 183.8)
(0.0, 182.0) (0.0, 184.0)
(0.0, 184.0) (0.87, 185.8)
(0.0, 184.0) (0.0, 186.0)
(0.0, 186.0) (-0.87, 187.8)
(-0.87, 187.8) (-2.43, 189.05)
(-0.87, 187.8) (-1.73, 189.6)
(-1.73, 189.6) (-1.73, 191.6)
(-1.73, 189.6) (-2.6, 191.41)
(0.0, 186.0) (0.0, 188.0)
(0.0, 188.0) (-0.87, 189.8)
(0.0, 188.0) (0.0, 190.0)
(0.0, 190.0) (0.87, 191.8)
(0.0, 190.0) (0.0, 192.0)
(0.0, 192.0) (0.87, 193.8)
(0.87, 193.8) (0.87, 195.8)
(0.87, 193.8) (1.73, 195.6)
(1.73, 195.6) (3.3, 196.85)
(1.73, 195.6) (2.6, 197.41)
(0.0, 192.0) (0.0, 194.0)
(0.0, 194.0) (-0.87, 195.8)
(0.0, 194.0) (0.0, 196.0)
(0.0, 196.0) (0.87, 197.8)
(0.0, 196.0) (0.0, 198.0)
(0.0, 198.0) (0.87, 199.8)
(0.87, 199.8) (0.87, 201.8)
(0.87, 199.8) (1.73, 201.6)
(1.73, 201.6) (3.3, 202.85)
(1.73, 201.6) (2.6, 203.41)
(2.6, 203.41) (2.6, 205.41)
(2.6, 205.41) (1.73, 207.21)
(2.6, 205.41) (2.6, 207.41)
(2.6, 207.41) (3.47, 209.21)
(2.6, 207.41) (2.6, 209.41)
(2.6, 203.41) (3.47, 205.21)
(3.47, 205.21) (3.47, 207.21)
(3.47, 205.21) (4.34, 207.01)
(4.34, 207.01) (5.9, 208.26)
(4.34, 207.01) (5.2, 208.81)
(5.2, 208.81) (6.77, 210.06)
(6.77, 210.06) (7.63, 211.86)
(6.77, 210.06) (8.33, 211.31)
(8.33, 211.31) (10.28, 211.75)
(8.33, 211.31) (9.89, 212.56)
(5.2, 208.81) (6.07, 210.62)
(6.07, 210.62) (6.07, 212.62)
(6.07, 210.62) (6.94, 212.42)
(6.94, 212.42) (8.5, 213.66)
(6.94, 212.42) (7.81, 214.22)
(0.0, 198.0) (0.0, 200.0)
(0.0, 200.0) (-0.87, 201.8)
(0.0, 200.0) (0.0, 202.0)
(0.0, 202.0) (0.87, 203.8)
(0.0, 202.0) (0.0, 204.0)
(0.0, 204.0) (-0.87, 205.8)
(-0.87, 205.8) (-2.43, 207.05)
(-0.87, 205.8) (-1.73, 207.6)
(-1.73, 207.6) (-1.73, 209.6)
(-1.73, 207.6) (-2.6, 209.41)
(0.0, 204.0) (0.0, 206.0)
(0.0, 206.0) (-0.87, 207.8)
(0.0, 206.0) (0.0, 208.0)
(0.0, 208.0) (0.87, 209.8)
(0.0, 208.0) (0.0, 210.0)
(0.0, 210.0) (0.87, 211.8)
(0.87, 211.8) (0.87, 213.8)
(0.87, 211.8) (1.73, 213.6)
(1.73, 213.6) (3.3, 214.85)
(1.73, 213.6) (2.6, 215.41)
(0.0, 210.0) (0.0, 212.0)
(0.0, 212.0) (-0.87, 213.8)
(0.0, 212.0) (0.0, 214.0)
(0.0, 214.0) (0.87, 215.8)
(0.0, 214.0) (0.0, 216.0)
(0.0, 216.0) (-0.87, 217.8)
(-0.87, 217.8) (-2.43, 219.05)
(-0.87, 217.8) (-1.73, 219.6)
(-1.73, 219.6) (-1.73, 221.6)
(-1.73, 219.6) (-2.6, 221.41)
(-2.6, 221.41) (-4.16, 222.65)
(-4.16, 222.65) (-6.11, 223.1)
(-4.16, 222.65) (-5.73, 223.9)
(-5.73, 223.9) (-6.6, 225.7)
(-5.73, 223.9) (-7.29, 225.15)
(-2.6, 221.41) (-3.47, 223.21)
(-3.47, 223.21) (-5.03, 224.46)
(-3.47, 223.21) (-4.34, 225.01)
(-4.34, 225.01) (-4.34, 227.01)
(-4.34, 225.01) (-5.2, 226.81)
(-5.2, 226.81) (-5.2, 228.81)
(-5.2, 228.81) (-6.07, 230.62)
(-5.2, 228.81) (-5.2, 230.81)
(-5.2, 230.81) (-4.34, 232.62)
(-5.2, 230.81) (-5.2, 232.81)
(-5.2, 226.81) (-6.07, 228.62)
(-6.07, 228.62) (-7.63, 229.86)
(-6.07, 228.62) (-6.94, 230.42)
(-6.94, 230.42) (-6.94, 232.42)
(-6.94, 230.42) (-7.81, 232.22)
(-7.81, 232.22) (-9.37, 233.47)
(-9.37, 233.47) (-11.32, 233.91)
(-9.37, 233.47) (-10.93, 234.71)
(-10.93, 234.71) (-11.8, 236.52)
(-10.93, 234.71) (-12.49, 235.96)
(-12.49, 235.96) (-14.44, 236.41)
(-14.44, 236.41) (-16.39, 235.97)
(-14.44, 236.41) (-16.39, 236.86)
(-16.39, 236.86) (-17.96, 238.1)
(-16.39, 236.86) (-18.34, 237.3)
(-12.49, 235.96) (-14.06, 237.21)
(-14.06, 237.21) (-16.01, 237.66)
(-14.06, 237.21) (-15.62, 238.46)
(-15.62, 238.46) (-16.49, 240.26)
(-15.62, 238.46) (-17.18, 239.71)
(-17.18, 239.71) (-18.05, 241.51)
(-18.05, 241.51) (-19.61, 242.76)
(-18.05, 241.51) (-18.92, 243.31)
(-18.92, 243.31) (-18.92, 245.31)
(-18.92, 243.31) (-19.79, 245.11)
(-17.18, 239.71) (-18.75, 240.95)
(-18.75, 240.95) (-20.7, 241.4)
(-18.75, 240.95) (-20.31, 242.2)
(-20.31, 242.2) (-21.18, 244.0)
(-20.31, 242.2) (-21.87, 243.45)
(-7.81, 232.22) (-8.67, 234.02)
(-8.67, 234.02) (-10.24, 235.27)
(-8.67, 234.02) (-9.54, 235.82)
(-9.54, 235.82) (-9.54, 237.82)
(-9.54, 235.82) (-10.41, 237.63)
(-10.41, 237.63) (-11.97, 238.87)
(-11.97, 238.87) (-13.92, 239.32)
(-11.97, 238.87) (-13.53, 240.12)
(-13.53, 240.12) (-14.4, 241.92)
(-13.53, 240.12) (-15.1, 241.37)
(-10.41, 237.63) (-11.28, 239.43)
(-11.28, 239.43) (-12.84, 240.68)
(-11.28, 239.43) (-12.14, 241.23)
(-12.14, 241.23) (-12.14, 243.23)
(-12.14, 241.23) (-13.01, 243.03)
(-13.01, 243.03) (-13.01, 245.03)
(-13.01, 245.03) (-13.88, 246.83)
(-13.01, 245.03) (-13.01, 247.03)
(-13.01, 247.03) (-12.14, 248.83)
(-13.01, 247.03) (-13.01, 249.03)
(-13.01, 243.03) (-13.88, 244.83)
(-13.88, 244.83) (-15.44, 246.08)
(-13.88, 244.83) (-14.74, 246.64)
(-14.74, 246.64) (-14.74, 248.64)
(-14.74, 246.64) (-15.61, 248.44)
(-15.61, 248.44) (-15.61, 250.44)
(-15.61, 250.44) (-16.48, 252.24)
(-15.61, 250.44) (-15.61, 252.44)
(-15.61, 252.44) (-14.74, 254.24)
(-15.61, 252.44) (-15.61, 254.44)
(-15.61, 254.44) (-16.48, 256.24)
(-16.48, 256.24) (-18.04, 257.49)
(-16.48, 256.24) (-17.35, 258.04)
(-17.35, 258.04) (-17.35, 260.04)
(-17.35, 258.04) (-18.21, 259.85)
(-15.61, 254.44) (-15.61, 256.44)
(-15.61, 256.44) (-16.48, 258.24)
(-15.61, 256.44) (-15.61, 258.44)
(-15.61, 258.44) (-14.74, 260.24)
(-15.61, 258.44) (-15.61, 260.44)
(-15.61, 260.44) (-14.74, 262.24)
(-14.74, 262.24) (-14.74, 264.24)
(-14.74, 262.24) (-13.88, 264.04)
(-13.88, 264.04) (-12.31, 265.29)
(-13.88, 264.04) (-13.01, 265.85)
(-15.61, 260.44) (-15.61, 262.44)
(-15.61, 262.44) (-16.48, 264.24)
(-15.61, 262.44) (-15.61, 264.44)
(-15.61, 264.44) (-14.74, 266.24)
(-15.61, 264.44) (-15.61, 266.44)
(-15.61, 248.44) (-16.48, 250.24)
(-16.48, 250.24) (-18.04, 251.49)
(-16.48, 250.24) (-17.35, 252.04)
(-17.35, 252.04) (-17.35, 254.04)
(-17.35, 252.04) (-18.21, 253.85)
(-18.21, 253.85) (-19.78, 255.09)
(-19.78, 255.09) (-21.73, 255.54)
(-19.78, 255.09) (-21.34, 256.34)
(-21.34, 256.34) (-22.21, 258.14)
(-21.34, 256.34) (-22.9, 257.59)
(-18.21, 253.85) (-19.08, 255.65)
(-19.08, 255.65) (-20.64, 256.9)
(-19.08, 255.65) (-19.95, 257.45)
(-19.95, 257.45) (-19.95, 259.45)
(-19.95, 257.45) (-20.82, 259.25)
(-20.82, 259.25) (-20.82, 261.25)
(-20.82, 261.25) (-21.68, 263.05)
(-20.82, 261.25) (-20.82, 263.25)
(-20.82, 263.25) (-19.95, 265.05)
(-20.82, 263.25) (-20.82, 265.25)
(-20.82, 259.25) (-21.68, 261.05)
(-21.68, 261.05) (-23.25, 262.3)
(-21.68, 261.05) (-22.55, 262.86)
(-22.55, 262.86) (-22.55, 264.86)
(-22.55, 262.86) (-23.42, 264.66)
(0.0, 216.0) (0.0, 218.0)
(0.0, 218.0) (-0.87, 219.8)
(0.0, 218.0) (0.0, 220.0)
(0.0, 220.0) (0.87, 221.8)
(0.0, 220.0) (0.0, 222.0)
(0.0, 222.0) (-0.87, 223.8)
(-0.87, 223.8) (-2.43, 225.05)
(-0.87, 223.8) (-1.73, 225.6)
(-1.73, 225.6) (-1.73, 227.6)
(-1.73, 225.6) (-2.6, 227.41)
(0.0, 222.0) (0.0, 224.0)
(0.0, 224.0) (-0.87, 225.8)
(0.0, 224.0) (0.0, 226.0)
(0.0, 226.0) (0.87, 227.8)
(0.0, 226.0) (0.0, 228.0)
(0.0, 228.0) (0.87, 229.8)
(0.87, 229.8) (0.87, 231.8)
(0.87, 229.8) (1.73, 231.6)
(1.73, 231.6) (3.3, 232.85)
(1.73, 231.6) (2.6, 233.41)
(0.0, 228.0) (0.0, 230.0)
(0.0, 230.0) (-0.87, 231.8)
(0.0, 230.0) (0.0, 232.0)
(0.0, 232.0) (0.87, 233.8)
(0.0, 232.0) (0.0, 234.0)
(0.0, 234.0) (-0.87, 235.8)
(-0.87, 235.8) (-2.43, 237.05)
(-0.87, 235.8) (-1.73, 237.6)
(-1.73, 237.6) (-1.73, 239.6)
(-1.73, 237.6) (-2.6, 239.41)
(-2.6, 239.41) (-4.16, 240.65)
(-4.16, 240.65) (-6.11, 241.1)
(-4.16, 240.65) (-5.73, 241.9)
(-5.73, 241.9) (-6.6, 243.7)
(-5.73, 241.9) (-7.29, 243.15)
(-2.6, 239.41) (-3.47, 241.21)
(-3.47, 241.21) (-5.03, 242.46)
(-3.47, 241.21) (-4.34, 243.01)
(-4.34, 243.01) (-4.34, 245.01)
(-4.34, 243.01) (-5.2, 244.81)
(-5.2, 244.81) (-5.2, 246.81)
(-5.2, 246.81) (-6.07, 248.62)
(-5.2, 246.81) (-5.2, 248.81)
(-5.2, 248.81) (-4.34, 250.62)
(-5.2, 248.81) (-5.2, 250.81)
(-5.2, 244.81) (-6.07, 246.62)
(-6.07, 246.62) (-7.63, 247.86)
(-6.07, 246.62) (-6.94, 248.42)
(-6.94, 248.42) (-6.94, 250.42)
(-6.94, 248.42) (-7.81, 250.22)
(0.0, 234.0) (0.0, 236.0)
(0.0, 236.0) (-0.87, 237.8)
(0.0, 236.0) (0.0, 238.0)
(0.0, 238.0) (0.87, 239.8)
(0.0, 238.0) (0.0, 240.0)
(0.0, 240.0) (-0.87, 241.8)
(-0.87, 241.8) (-2.43, 243.05)
(-0.87, 241.8) (-1.73, 243.6)
(-1.73, 243.6) (-1.73, 245.6)
(-1.73, 243.6) (-2.6, 245.41)
(0.0, 240.0) (0.0, 242.0)
(0.0, 242.0) (-0.87, 243.8)
(0.0, 242.0) (0.0, 244.0)
(0.0, 244.0) (0.87, 245.8)
(0.0, 244.0) (0.0, 246.0)
(0.0, 246.0) (0.87, 247.8)
(0.87, 247.8) (0.87, 249.8)
(0.87, 247.8) (1.73, 249.6)
(1.73, 249.6) (3.3, 250.85)
(1.73, 249.6) (2.6, 251.41)
(0.0, 246.0) (0.0, 248.0)
(0.0, 248.0) (-0.87, 249.8)
(0.0, 248.0) (0.0, 250.0)
(0.0, 250.0) (0.87, 251.8)
(0.0, 250.0) (0.0, 252.0)
(0.0, 252.0) (0.87, 253.8)
(0.87, 253.8) (0.87, 255.8)
(0.87, 253.8) (1.73, 255.6)
(1.73, 255.6) (3.3, 256.85)
(1.73, 255.6) (2.6, 257.41)
(2.6, 257.41) (2.6, 259.41)
(2.6, 259.41) (1.73, 261.21)
(2.6, 259.41) (2.6, 261.41)
(2.6, 261.41) (3.47, 263.21)
(2.6, 261.41) (2.6, 263.41)
(2.6, 257.41) (3.47, 259.21)
(3.47, 259.21) (3.47, 261.21)
(3.47, 259.21) (4.34, 261.01)
(4.34, 261.01) (5.9, 262.26)
(4.34, 261.01) (5.2, 262.81)
(5.2, 262.81) (6.77, 264.06)
(6.77, 264.06) (7.63, 265.86)
(6.77, 264.06) (8.33, 265.31)
(8.33, 265.31) (10.28, 265.75)
(8.33, 265.31) (9.89, 266.56)
(5.2, 262.81) (6.07, 264.62)
(6.07, 264.62) (6.07, 266.62)
(6.07, 264.62) (6.94, 266.42)
(6.94, 266.42) (8.5, 267.66)
(6.94, 266.42) (7.81, 268.22)
(0.0, 252.0) (0.0, 254.0)
(0.0, 254.0) (-0.87, 255.8)
(0.0, 254.0) (0.0, 256.0)
(0.0, 256.0) (0.87, 257.8)
(0.0, 256.0) (0.0, 258.0)
(0.0, 258.0) (-0.87, 259.8)
(-0.87, 259.8) (-2.43, 261.05)
(-0.87, 259.8) (-1.73, 261.6)
(-1.73, 261.6) (-1.73, 263.6)
(-1.73, 261.6) (-2.6, 263.41)
(0.0, 258.0) (0.0, 260.0)
(0.0, 260.0) (-0.87, 261.8)
(0.0, 260.0) (0.0, 262.0)
(0.0, 262.0) (0.87, 263.8)
(0.0, 262.0) (0.0, 264.0)
(0.0, 264.0) (0.87, 265.8)
(0.87, 265.8) (0.87, 267.8)
(0.87, 265.8) (1.73, 267.6)
(1.73, 267.6) (3.3, 268.85)
(1.73, 267.6) (2.6, 269.41)
(0.0, 264.0) (0.0, 266.0)
(0.0, 266.0) (-0.87, 267.8)
(0.0, 266.0) (0.0, 268.0)
(0.0, 268.0) (0.87, 269.8)
(0.0, 268.0) (0.0, 270.0)
(0.0, 270.0) (0.87, 271.8)
(0.87, 271.8) (0.87, 273.8)
(0.87, 271.8) (1.73, 273.6)
(1.73, 273.6) (3.3, 274.85)
(1.73, 273.6) (2.6, 275.41)
(2.6, 275.41) (2.6, 277.41)
(2.6, 277.41) (1.73, 279.21)
(2.6, 277.41) (2.6, 279.41)
(2.6, 279.41) (3.47, 281.21)
(2.6, 279.41) (2.6, 281.41)
(2.6, 275.41) (3.47, 277.21)
(3.47, 277.21) (3.47, 279.21)
(3.47, 277.21) (4.34, 279.01)
(4.34, 279.01) (5.9, 280.26)
(4.34, 279.01) (5.2, 280.81)
(5.2, 280.81) (6.77, 282.06)
(6.77, 282.06) (7.63, 283.86)
(6.77, 282.06) (8.33, 283.31)
(8.33, 283.31) (10.28, 283.75)
(8.33, 283.31) (9.89, 284.56)
(5.2, 280.81) (6.07, 282.62)
(6.07, 282.62) (6.07, 284.62)
(6.07, 282.62) (6.94, 284.42)
(6.94, 284.42) (8.5, 285.66)
(6.94, 284.42) (7.81, 286.22)
(7.81, 286.22) (7.81, 288.22)
(7.81, 288.22) (6.94, 290.02)
(7.81, 288.22) (7.81, 290.22)
(7.81, 290.22) (8.67, 292.02)
(7.81, 290.22) (7.81, 292.22)
(7.81, 292.22) (6.94, 294.02)
(6.94, 294.02) (5.38, 295.27)
(6.94, 294.02) (6.07, 295.82)
(6.07, 295.82) (6.07, 297.82)
(6.07, 295.82) (5.2, 297.63)
(7.81, 292.22) (7.81, 294.22)
(7.81, 294.22) (6.94, 296.02)
(7.81, 294.22) (7.81, 296.22)
(7.81, 296.22) (8.67, 298.02)
(7.81, 296.22) (7.81, 298.22)
(7.81, 298.22) (8.67, 300.02)
(8.67, 300.02) (8.67, 302.02)
(8.67, 300.02) (9.54, 301.82)
(9.54, 301.82) (11.1, 303.07)
(9.54, 301.82) (10.41, 303.63)
(7.81, 298.22) (7.81, 300.22)
(7.81, 300.22) (6.94, 302.02)
(7.81, 300.22) (7.81, 302.22)
(7.81, 302.22) (8.67, 304.02)
(7.81, 302.22) (7.81, 304.22)
(7.81, 286.22) (8.67, 288.02)
(8.67, 288.02) (8.67, 290.02)
(8.67, 288.02) (9.54, 289.82)
(9.54, 289.82) (11.1, 291.07)
(9.54, 289.82) (10.41, 291.63)
(10.41, 291.63) (10.41, 293.63)
(10.41, 293.63) (9.54, 295.43)
(10.41, 293.63) (10.41, 295.63)
(10.41, 295.63) (11.28, 297.43)
(10.41, 295.63) (10.41, 297.63)
(10.41, 291.63) (11.28, 293.43)
(11.28, 293.43) (11.28, 295.43)
(11.28, 293.43) (12.14, 295.23)
(12.14, 295.23) (13.71, 296.48)
(12.14, 295.23) (13.01, 297.03)
(13.01, 297.03) (14.57, 298.28)
(14.57, 298.28) (15.44, 300.08)
(14.57, 298.28) (16.14, 299.53)
(16.14, 299.53) (18.09, 299.97)
(16.14, 299.53) (17.7, 300.78)
(13.01, 297.03) (13.88, 298.83)
(13.88, 298.83) (13.88, 300.83)
(13.88, 298.83) (14.74, 300.64)
(14.74, 300.64) (16.31, 301.88)
(14.74, 300.64) (15.61, 302.44)
(15.61, 302.44) (17.17, 303.69)
(17.17, 303.69) (18.04, 305.49)
(17.17, 303.69) (18.74, 304.93)
(18.74, 304.93) (20.69, 305.38)
(18.74, 304.93) (20.3, 306.18)
(20.3, 306.18) (21.17, 307.98)
(21.17, 307.98) (21.17, 309.98)
(21.17, 307.98) (22.04, 309.79)
(22.04, 309.79) (23.6, 311.03)
(22.04, 309.79) (22.9, 311.59)
(20.3, 306.18) (21.86, 307.43)
(21.86, 307.43) (22.73, 309.23)
(21.86, 307.43) (23.43, 308.68)
(23.43, 308.68) (25.38, 309.12)
(23.43, 308.68) (24.99, 309.93)
(24.99, 309.93) (26.94, 310.37)
(26.94, 310.37) (28.5, 311.62)
(26.94, 310.37) (28.89, 310.82)
(28.89, 310.82) (30.84, 310.38)
(28.89, 310.82) (30.84, 311.26)
(24.99, 309.93) (26.55, 311.17)
(26.55, 311.17) (27.42, 312.98)
(26.55, 311.17) (28.12, 312.42)
(28.12, 312.42) (30.07, 312.87)
(28.12, 312.42) (29.68, 313.67)
(15.61, 302.44) (16.48, 304.24)
(16.48, 304.24) (16.48, 306.24)
(16.48, 304.24) (17.35, 306.04)
(17.35, 306.04) (18.91, 307.29)
(17.35, 306.04) (18.21, 307.85)
(18.21, 307.85) (18.21, 309.85)
(18.21, 309.85) (17.35, 311.65)
(18.21, 309.85) (18.21, 311.85)
(18.21, 311.85) (19.08, 313.65)
(18.21, 311.85) (18.21, 313.85)
(18.21, 307.85) (19.08, 309.65)
(19.08, 309.65) (19.08, 311.65)
(19.08, 309.65) (19.95, 311.45)
(19.95, 311.45) (21.51, 312.7)
(19.95, 311.45) (20.82, 313.25)
(20.82, 313.25) (22.38, 314.5)
(22.38, 314.5) (23.25, 316.3)
(22.38, 314.5) (23.94, 315.75)
(23.94, 315.75) (25.89, 316.19)
(23.94, 315.75) (25.5, 316.99)
(20.82, 313.25) (21.68, 315.05)
(21.68, 315.05) (21.68, 317.05)
(21.68, 315.05) (22.55, 316.86)
(22.55, 316.86) (24.11, 318.1)
(22.55, 316.86) (23.42, 318.66)
(0.0, 270.0) (0.0, 272.0)
(0.0, 272.0) (-0.87, 273.8)
(0.0, 272.0) (0.0, 274.0)
(0.0, 274.0) (0.87, 275.8)
(0.0, 274.0) (0.0, 276.0)
(0.0, 276.0) (-0.87, 277.8)
(-0.87, 277.8) (-2.43, 279.05)
(-0.87, 277.8) (-1.73, 279.6)
(-1.73, 279.6) (-1.73, 281.6)
(-1.73, 279.6) (-2.6, 281.41)
(0.0, 276.0) (0.0, 278.0)
(0.0, 278.0) (-0.87, 279.8)
(0.0, 278.0) (0.0, 280.0)
(0.0, 280.0) (0.87, 281.8)
(0.0, 280.0) (0.0, 282.0)
(0.0, 282.0) (0.87, 283.8)
(0.87, 283.8) (0.87, 285.8)
(0.87, 283.8) (1.73, 285.6)
(1.73, 285.6) (3.3, 286.85)
(1.73, 285.6) (2.6, 287.41)
(0.0, 282.0) (0.0, 284.0)
(0.0, 284.0) (-0.87, 285.8)
(0.0, 284.0) (0.0, 286.0)
(0.0, 286.0) (0.87, 287.8)
(0.0, 286.0) (0.0, 288.0)
(0.0, 288.0) (-0.87, 289.8)
(-0.87, 289.8) (-2.43, 291.05)
(-0.87, 289.8) (-1.73, 291.6)
(-1.73, 291.6) (-1.73, 293.6)
(-1.73, 291.6) (-2.6, 293.41)
(-2.6, 293.41) (-4.16, 294.65)
(-4.16, 294.65) (-6.11, 295.1)
(-4.16, 294.65) (-5.73, 295.9)
(-5.73, 295.9) (-6.6, 297.7)
(-5.73, 295.9) (-7.29, 297.15)
(-2.6, 293.41) (-3.47, 295.21)
(-3.47, 295.21) (-5.03, 296.46)
(-3.47, 295.21) (-4.34, 297.01)
(-4.34, 297.01) (-4.34, 299.01)
(-4.34, 297.01) (-5.2, 298.81)
(-5.2, 298.81) (-5.2, 300.81)
(-5.2, 300.81) (-6.07, 302.62)
(-5.2, 300.81) (-5.2, 302.81)
(-5.2, 302.81) (-4.34, 304.62)
(-5.2, 302.81) (-5.2, 304.81)
(-5.2, 298.81) (-6.07, 300.62)
(-6.07, 300.62) (-7.63, 301.86)
(-6.07, 300.62) (-6.94, 302.42)
(-6.94, 302.42) (-6.94, 304.42)
(-6.94, 302.42) (-7.81, 304.22)
(0.0, 288.0) (0.0, 290.0)
(0.0, 290.0) (-0.87, 291.8)
(0.0, 290.0) (0.0, 292.0)
(0.0, 292.0) (0.87, 293.8)
(0.0, 292.0) (0.0, 294.0)
(0.0, 294.0) (-0.87, 295.8)
(-0.87, 295.8) (-2.43, 297.05)
(-0.87, 295.8) (-1.73, 297.6)
(-1.73, 297.6) (-1.73, 299.6)
(-1.73, 297.6) (-2.6, 299.41)
(0.0, 294.0) (0.0, 296.0)
(0.0, 296.0) (-0.87, 297.8)
(0.0, 296.0) (0.0, 298.0)
(0.0, 298.0) (0.87, 299.8)
(0.0, 298.0) (0.0, 300.0)
(0.0, 300.0) (0.87, 301.8)
(0.87, 301.8) (0.87, 303.8)
(0.87, 301.8) (1.73, 303.6)
(1.73, 303.6) (3.3, 304.85)
(1.73, 303.6) (2.6, 305.41)
(0.0, 300.0) (0.0, 302.0)
(0.0, 302.0) (-0.87, 303.8)
(0.0, 302.0) (0.0, 304.0)
(0.0, 304.0) (0.87, 305.8)
(0.0, 304.0) (0.0, 306.0)
(0.0, 306.0) (0.87, 307.8)
(0.87, 307.8) (0.87, 309.8)
(0.87, 307.8) (1.73, 309.6)
(1.73, 309.6) (3.3, 310.85)
(1.73, 309.6) (2.6, 311.41)
(2.6, 311.41) (2.6, 313.41)
(2.6, 313.41) (1.73, 315.21)
(2.6, 313.41) (2.6, 315.41)
(2.6, 315.41) (3.47, 317.21)
(2.6, 315.41) (2.6, 317.41)
(2.6, 311.41) (3.47, 313.21)
(3.47, 313.21) (3.47, 315.21)
(3.47, 313.21) (4.34, 315.01)
(4.34, 315.01) (5.9, 316.26)
(4.34, 315.01) (5.2, 316.81)
(5.2, 316.81) (6.77, 318.06)
(6.77, 318.06) (7.63, 319.86)
(6.77, 318.06) (8.33, 319.31)
(8.33, 319.31) (10.28, 319.75)
(8.33, 319.31) (9.89, 320.56)
(5.2, 316.81) (6.07, 318.62)
(6.07, 318.62) (6.07, 320.62)
(6.07, 318.62) (6.94, 320.42)
(6.94, 320.42) (8.5, 321.66)
(6.94, 320.42) (7.81, 322.22)
(0.0, 306.0) (0.0, 308.0)
(0.0, 308.0) (-0.87, 309.8)
(0.0, 308.0) (0.0, 310.0)
(0.0, 310.0) (0.87, 311.8)
(0.0, 310.0) (0.0, 312.0)
(0.0, 312.0) (-0.87, 313.8)
(-0.87, 313.8) (-2.43, 315.05)
(-0.87, 313.8) (-1.73, 315.6)
(-1.73, 315.6) (-1.73, 317.6)
(-1.73, 315.6) (-2.6, 317.41)
(0.0, 312.0) (0.0, 314.0)
(0.0, 314.0) (-0.87, 315.8)
(0.0, 314.0) (0.0, 316.0)
(0.0, 316.0) (0.87, 317.8)
(0.0, 316.0) (0.0, 318.0)
(0.0, 318.0) (0.87, 319.8)
(0.87, 319.8) (0.87, 321.8)
(0.87, 319.8) (1.73, 321.6)
(1.73, 321.6) (3.3, 322.85)
(1.73, 321.6) (2.6, 323.41)
(0.0, 318.0) (0.0, 320.0)
(0.0, 320.0) (-0.87, 321.8)
(0.0, 320.0) (0.0, 322.0)
(0.0, 322.0) (0.87, 323.8)
(0.0, 322.0) (0.0, 324.0)
(0.0, 324.0) (0.87, 325.8)
(0.87, 325.8) (0.87, 327.8)
(0.87, 325.8) (1.73, 327.6)
(1.73, 327.6) (3.3, 328.85)
(1.73, 327.6) (2.6, 329.41)
(2.6, 329.41) (2.6, 331.41)
(2.6, 331.41) (1.73, 333.21)
(2.6, 331.41) (2.6, 333.41)
(2.6, 333.41) (3.47, 335.21)
(2.6, 333.41) (2.6, 335.41)
(2.6, 329.41) (3.47, 331.21)
(3.47, 331.21) (3.47, 333.21)
(3.47, 331.21) (4.34, 333.01)
(4.34, 333.01) (5.9, 334.26)
(4.34, 333.01) (5.2, 334.81)
(5.2, 334.81) (6.77, 336.06)
(6.77, 336.06) (7.63, 337.86)
(6.77, 336.06) (8.33, 337.31)
(8.33, 337.31) (10.28, 337.75)
(8.33, 337.31) (9.89, 338.56)
(5.2, 334.81) (6.07, 336.62)
(6.07, 336.62) (6.07, 338.62)
(6.07, 336.62) (6.94, 338.42)
(6.94, 338.42) (8.5, 339.66)
(6.94, 338.42) (7.81, 340.22)
(7.81, 340.22) (7.81, 342.22)
(7.81, 342.22) (6.94, 344.02)
(7.81, 342.22) (7.81, 344.22)
(7.81, 344.22) (8.67, 346.02)
(7.81, 344.22) (7.81, 346.22)
(7.81, 346.22) (6.94, 348.02)
(6.94, 348.02) (5.38, 349.27)
(6.94, 348.02) (6.07, 349.82)
(6.07, 349.82) (6.07, 351.82)
(6.07, 349.82) (5.2, 351.63)
(7.81, 346.22) (7.81, 348.22)
(7.81, 348.22) (6.94, 350.02)
(7.81, 348.22) (7.81, 350.22)
(7.81, 350.22) (8.67, 352.02)
(7.81, 350.22) (7.81, 352.22)
(7.81, 352.22) (8.67, 354.02)
(8.67, 354.02) (8.67, 356.02)
(8.67, 354.02) (9.54, 355.82)
(9.54, 355.82) (11.1, 357.07)
(9.54, 355.82) (10.41, 357.63)
(7.81, 352.22) (7.81, 354.22)
(7.81, 354.22) (6.94, 356.02)
(7.81, 354.22) (7.81, 356.22)
(7.81, 356.22) (8.67, 358.02)
(7.81, 356.22) (7.81, 358.22)
(7.81, 340.22) (8.67, 342.02)
(8.67, 342.02) (8.67, 344.02)
(8.67, 342.02) (9.54, 343.82)
(9.54, 343.82) (11.1, 345.07)
(9.54, 343.82) (10.41, 345.63)
(10.41, 345.63) (10.41, 347.63)
(10.41, 347.63) (9.54, 349.43)
(10.41, 347.63) (10.41, 349.63)
(10.41, 349.63) (11.28, 351.43)
(10.41, 349.63) (10.41, 351.63)
(10.41, 345.63) (11.28, 347.43)
(11.28, 347.43) (11.28, 349.43)
(11.28, 347.43) (12.14, 349.23)
(12.14, 349.23) (13.71, 350.48)
(12.14, 349.23) (13.01, 351.03)
(13.01, 351.03) (14.57, 352.28)
(14.57, 352.28) (15.44, 354.08)
(14.57, 352.28) (16.14, 353.53)
(16.14, 353.53) (18.09, 353.97)
(16.14, 353.53) (17.7, 354.78)
(13.01, 351.03) (13.88, 352.83)
(13.88, 352.83) (13.88, 354.83)
(13.88, 352.83) (14.74, 354.64)
(14.74, 354.64) (16.31, 355.88)
(14.74, 354.64) (15.61, 356.44)
(15.61, 356.44) (17.17, 357.69)
(17.17, 357.69) (18.04, 359.49)
(17.17, 357.69) (18.74, 358.93)
(18.74, 358.93) (20.69, 359.38)
(18.74, 358.93) (20.3, 360.18)
(20.3, 360.18) (21.17, 361.98)
(21.17, 361.98) (21.17, 363.98)
(21.17, 361.98) (22.04, 363.79)
(22.04, 363.79) (23.6, 365.03)
(22.04, 363.79) (22.9, 365.59)
(20.3, 360.18) (21.86, 361.43)
(21.86, 361.43) (22.73, 363.23)
(21.86, 361.43) (23.43, 362.68)
(23.43, 362.68) (25.38, 363.12)
(23.43, 362.68) (24.99, 363.93)
(24.99, 363.93) (26.94, 364.37)
(26.94, 364.37) (28.5, 365.62)
(26.94, 364.37) (28.89, 364.82)
(28.89, 364.82) (30.84, 364.38)
(28.89, 364.82) (30.84, 365.26)
(24.99, 363.93) (26.55, 365.17)
(26.55, 365.17) (27.42, 366.98)
(26.55, 365.17) (28.12, 366.42)
(28.12, 366.42) (30.07, 366.87)
(28.12, 366.42) (29.68, 367.67)
(15.61, 356.44) (16.48, 358.24)
(16.48, 358.24) (16.48, 360.24)
(16.48, 358.24) (17.35, 360.04)
(17.35, 360.04) (18.91, 361.29)
(17.35, 360.04) (18.21, 361.85)
(18.21, 361.85) (18.21, 363.85)
(18.21, 363.85) (17.35, 365.65)
(18.21, 363.85) (18.21, 365.85)
(18.21, 365.85) (19.08, 367.65)
(18.21, 365.85) (18.21, 367.85)
(18.21, 361.85) (19.08, 363.65)
(19.08, 363.65) (19.08, 365.65)
(19.08, 363.65) (19.95, 365.45)
(19.95, 365.45) (21.51, 366.7)
(19.95, 365.45) (20.82, 367.25)
(20.82, 367.25) (22.38, 368.5)
(22.38, 368.5) (23.25, 370.3)
(22.38, 368.5) (23.94, 369.75)
(23.94, 369.75) (25.89, 370.19)
(23.94, 369.75) (25.5, 370.99)
(20.82, 367.25) (21.68, 369.05)
(21.68, 369.05) (21.68, 371.05)
(21.68, 369.05) (22.55, 370.86)
(22.55, 370.86) (24.11, 372.1)
(22.55, 370.86) (23.42, 372.66)
(23.42, 372.66) (23.42, 374.66)
(23.42, 374.66) (22.55, 376.46)
(23.42, 374.66) (23.42, 376.66)
(23.42, 376.66) (24.28, 378.46)
(23.42, 376.66) (23.42, 378.66)
(23.42, 378.66) (22.55, 380.46)
(22.55, 380.46) (20.99, 381.71)
(22.55, 380.46) (21.68, 382.26)
(21.68, 382.26) (21.68, 384.26)
(21.68, 382.26) (20.82, 384.06)
(23.42, 378.66) (23.42, 380.66)
(23.42, 380.66) (22.55, 382.46)
(23.42, 380.66) (23.42, 382.66)
(23.42, 382.66) (24.28, 384.46)
(23.42, 382.66) (23.42, 384.66)
(23.42, 384.66) (24.28, 386.46)
(24.28, 386.46) (24.28, 388.46)
(24.28, 386.46) (25.15, 388.26)
(25.15, 388.26) (26.72, 389.51)
(25.15, 388.26) (26.02, 390.06)
(23.42, 384.66) (23.42, 386.66)
(23.42, 386.66) (22.55, 388.46)
(23.42, 386.66) (23.42, 388.66)
(23.42, 388.66) (24.28, 390.46)
(23.42, 388.66) (23.42, 390.66)
(23.42, 390.66) (22.55, 392.46)
(22.55, 392.46) (20.99, 393.71)
(22.55, 392.46) (21.68, 394.26)
(21.68, 394.26) (21.68, 396.26)
(21.68, 394.26) (20.82, 396.06)
(20.82, 396.06) (19.25, 397.31)
(19.25, 397.31) (17.3, 397.76)
(19.25, 397.31) (17.69, 398.56)
(17.69, 398.56) (16.82, 400.36)
(17.69, 398.56) (16.13, 399.81)
(20.82, 396.06) (19.95, 397.87)
(19.95, 397.87) (18.39, 399.11)
(19.95, 397.87) (19.08, 399.67)
(19.08, 399.67) (19.08, 401.67)
(19.08, 399.67) (18.21, 401.47)
(18.21, 401.47) (18.21, 403.47)
(18.21, 403.47) (17.35, 405.27)
(18.21, 403.47) (18.21, 405.47)
(18.21, 405.47) (19.08, 407.27)
(18.21, 405.47) (18.21, 407.47)
(18.21, 401.47) (17.35, 403.27)
(17.35, 403.27) (15.78, 404.52)
(17.35, 403.27) (16.48, 405.08)
(16.48, 405.08) (16.48, 407.08)
(16.48, 405.08) (15.61, 406.88)
(23.42, 390.66) (23.42, 392.66)
(23.42, 392.66) (22.55, 394.46)
(23.42, 392.66) (23.42, 394.66)
(23.42, 394.66) (24.28, 396.46)
(23.42, 394.66) (23.42, 396.66)
(23.42, 396.66) (22.55, 398.46)
(22.55, 398.46) (20.99, 399.71)
(22.55, 398.46) (21.68, 400.26)
(21.68, 400.26) (21.68, 402.26)
(21.68, 400.26) (20.82, 402.06)
(23.42, 396.66) (23.42, 398.66)
(23.42, 398.66) (22.55, 400.46)
(23.42, 398.66) (23.42, 400.66)
(23.42, 400.66) (24.28, 402.46)
(23.42, 400.66) (23.42, 402.66)
(23.42, 402.66) (24.28, 404.46)
(24.28, 404.46) (24.28, 406.46)
(24.28, 404.46) (25.15, 406.26)
(25.15, 406.26) (26.72, 407.51)
(25.15, 406.26) (26.02, 408.06)
(23.42, 402.66) (23.42, 404.66)
(23.42, 404.66) (22.55, 406.46)
(23.42, 404.66) (23.42, 406.66)
(23.42, 406.66) (24.28, 408.46)
(23.42, 406.66) (23.42, 408.66)
(23.42, 408.66) (24.28, 410.46)
(24.28, 410.46) (24.28, 412.46)
(24.28, 410.46) (25.15, 412.26)
(25.15, 412.26) (26.72, 413.51)
(25.15, 412.26) (26.02, 414.06)
(26.02, 414.06) (26.02, 416.06)
(26.02, 416.06) (25.15, 417.87)
(26.02, 416.06) (26.02, 418.06)
(26.02, 418.06) (26.89, 419.87)
(26.02, 418.06) (26.02, 420.06)
(26.02, 414.06) (26.89, 415.87)
(26.89, 415.87) (26.89, 417.87)
(26.89, 415.87) (27.75, 417.67)
(27.75, 417.67) (29.32, 418.92)
(27.75, 417.67) (28.62, 419.47)
(28.62, 419.47) (30.18, 420.72)
(30.18, 420.72) (31.05, 422.52)
(30.18, 420.72) (31.75, 421.97)
(31.75, 421.97) (33.7, 422.41)
(31.75, 421.97) (33.31, 423.21)
(28.62, 419.47) (29.49, 421.27)
(29.49, 421.27) (29.49, 423.27)
(29.49, 421.27) (30.36, 423.08)
(30.36, 423.08) (31.92, 424.32)
(30.36, 423.08) (31.22, 424.88)
(23.42, 408.66) (23.42, 410.66)
(23.42, 410.66) (22.55, 412.46)
(23.42, 410.66) (23.42, 412.66)
(23.42, 412.66) (24.28, 414.46)
(23.42, 412.66) (23.42, 414.66)
(23.42, 414.66) (22.55, 416.46)
(22.55, 416.46) (20.99, 417.71)
(22.55, 416.46) (21.68, 418.26)
(21.68, 418.26) (21.68, 420.26)
(21.68, 418.26) (20.82, 420.06)
(23.42, 414.66) (23.42, 416.66)
(23.42, 416.66) (22.55, 418.46)
(23.42, 416.66) (23.42, 418.66)
(23.42, 418.66) (24.28, 420.46)
(23.42, 418.66) (23.42, 420.66)
(23.42, 420.66) (24.28, 422.46)
(24.28, 422.46) (24.28, 424.46)
(24.28, 422.46) (25.15, 424.26)
(25.15, 424.26) (26.72, 425.51)
(25.15, 424.26) (26.02, 426.06)
(23.42, 420.66) (23.42, 422.66)
(23.42, 422.66) (22.55, 424.46)
(23.42, 422.66) (23.42, 424.66)
(23.42, 424.66) (24.28, 426.46)
(23.42, 424.66) (23.42, 426.66)
(23.42, 372.66) (24.28, 374.46)
(24.28, 374.46) (24.28, 376.46)
(24.28, 374.46) (25.15, 376.26)
(25.15, 376.26) (26.72, 377.51)
(25.15, 376.26) (26.02, 378.06)
(26.02, 378.06) (26.02, 380.06)
(26.02, 380.06) (25.15, 381.87)
(26.02, 380.06) (26.02, 382.06)
(26.02, 382.06) (26.89, 383.87)
(26.02, 382.06) (26.02, 384.06)
(26.02, 378.06) (26.89, 379.87)
(26.89, 379.87) (26.89, 381.87)
(26.89, 379.87) (27.75, 381.67)
(27.75, 381.67) (29.32, 382.92)
(27.75, 381.67) (28.62, 383.47)
(28.62, 383.47) (30.18, 384.72)
(30.18, 384.72) (31.05, 386.52)
(30.18, 384.72) (31.75, 385.97)
(31.75, 385.97) (33.7, 386.41)
(31.75, 385.97) (33.31, 387.21)
(28.62, 383.47) (29.49, 385.27)
(29.49, 385.27) (29.49, 387.27)
(29.49, 385.27) (30.36, 387.08)
(30.36, 387.08) (31.92, 388.32)
(30.36, 387.08) (31.22, 388.88)
(31.22, 388.88) (31.22, 390.88)
(31.22, 390.88) (30.36, 392.68)
(31.22, 390.88) (31.22, 392.88)
(31.22, 392.88) (32.09, 394.68)
(31.22, 392.88) (31.22, 394.88)
(31.22, 394.88) (30.36, 396.68)
(30.36, 396.68) (28.79, 397.93)
(30.36, 396.68) (29.49, 398.48)
(29.49, 398.48) (29.49, 400.48)
(29.49, 398.48) (28.62, 400.28)
(31.22, 394.88) (31.22, 396.88)
(31.22, 396.88) (30.36, 398.68)
(31.22, 396.88) (31.22, 398.88)
(31.22, 398.88) (32.09, 400.68)
(31.22, 398.88) (31.22, 400.88)
(31.22, 400.88) (32.09, 402.68)
(32.09, 402.68) (32.09, 404.68)
(32.09, 402.68) (32.96, 404.48)
(32.96, 404.48) (34.52, 405.73)
(32.96, 404.48) (33.83, 406.28)
(31.22, 400.88) (31.22, 402.88)
(31.22, 402.88) (30.36, 404.68)
(31.22, 402.88) (31.22, 404.88)
(31.22, 404.88) (32.09, 406.68)
(31.22, 404.88) (31.22, 406.88)
(31.22, 388.88) (32.09, 390.68)
(32.09, 390.68) (32.09, 392.68)
(32.09, 390.68) (32.96, 392.48)
(32.96, 392.48) (34.52, 393.73)
(32.96, 392.48) (33.83, 394.28)
(33.83, 394.28) (33.83, 396.28)
(33.83, 396.28) (32.96, 398.09)
(33.83, 396.28) (33.83, 398.28)
(33.83, 398.28) (34.69, 400.09)
(33.83, 398.28) (33.83, 400.28)
(33.83, 394.28) (34.69, 396.09)
(34.69, 396.09) (34.69, 398.09)
(34.69, 396.09) (35.56, 397.89)
(35.56, 397.89) (37.12, 399.14)
(35.56, 397.89) (36.43, 399.69)
(36.43, 399.69) (37.99, 400.94)
(37.99, 400.94) (38.86, 402.74)
(37.99, 400.94) (39.55, 402.19)
(39.55, 402.19) (41.5, 402.63)
(39.55, 402.19) (41.12, 403.43)
(36.43, 399.69) (37.29, 401.49)
(37.29, 401.49) (37.29, 403.49)
(37.29, 401.49) (38.16, 403.29)
(38.16, 403.29) (39.73, 404.54)
(38.16, 403.29) (39.03, 405.1)
(39.03, 405.1) (40.59, 406.34)
(40.59, 406.34) (41.46, 408.15)
(40.59, 406.34) (42.16, 407.59)
(42.16, 407.59) (44.1, 408.04)
(42.16, 407.59) (43.72, 408.84)
(43.72, 408.84) (44.59, 410.64)
(44.59, 410.64) (44.59, 412.64)
(44.59, 410.64) (45.45, 412.44)
(45.45, 412.44) (47.02, 413.69)
(45.45, 412.44) (46.32, 414.25)
(43.72, 408.84) (45.28, 410.09)
(45.28, 410.09) (46.15, 411.89)
(45.28, 410.09) (46.84, 411.34)
(46.84, 411.34) (48.79, 411.78)
(46.84, 411.34) (48.41, 412.58)
(48.41, 412.58) (50.36, 413.03)
(50.36, 413.03) (51.92, 414.28)
(50.36, 413.03) (52.31, 413.48)
(52.31, 413.48) (54.26, 413.03)
(52.31, 413.48) (54.26, 413.92)
(48.41, 412.58) (49.97, 413.83)
(49.97, 413.83) (50.84, 415.63)
(49.97, 413.83) (51.53, 415.08)
(51.53, 415.08) (53.48, 415.53)
(51.53, 415.08) (53.1, 416.33)
(39.03, 405.1) (39.9, 406.9)
(39.9, 406.9) (39.9, 408.9)
(39.9, 406.9) (40.76, 408.7)
(40.76, 408.7) (42.33, 409.95)
(40.76, 408.7) (41.63, 410.5)
(41.63, 410.5) (41.63, 412.5)
(41.63, 412.5) (40.76, 414.31)
(41.63, 412.5) (41.63, 414.5)
(41.63, 414.5) (42.5, 416.31)
(41.63, 414.5) (41.63, 416.5)
(41.63, 410.5) (42.5, 412.31)
(42.5, 412.31) (42.5, 414.31)
(42.5, 412.31) (43.37, 414.11)
(43.37, 414.11) (44.93, 415.36)
(43.37, 414.11) (44.23, 415.91)
(44.23, 415.91) (45.8, 417.16)
(45.8, 417.16) (46.66, 418.96)
(45.8, 417.16) (47.36, 418.41)
(47.36, 418.41) (49.31, 418.85)
(47.36, 418.41) (48.92, 419.65)
(44.23, 415.91) (45.1, 417.71)
(45.1, 417.71) (45.1, 419.71)
(45.1, 417.71) (45.97, 419.51)
(45.97, 419.51) (47.53, 420.76)
(45.97, 419.51) (46.84, 421.32)
(46.84, 421.32) (48.4, 422.56)
(48.4, 422.56) (49.27, 424.37)
(48.4, 422.56) (49.96, 423.81)
(49.96, 423.81) (51.91, 424.26)
(49.96, 423.81) (51.52, 425.06)
(51.52, 425.06) (52.39, 426.86)
(52.39, 426.86) (52.39, 428.86)
(52.39, 426.86) (53.26, 428.66)
(53.26, 428.66) (54.82, 429.91)
(53.26, 428.66) (54.13, 430.47)
(51.52, 425.06) (53.09, 426.31)
(53.09, 426.31) (53.95, 428.11)
(53.09, 426.31) (54.65, 427.56)
(54.65, 427.56) (56.6, 428.0)
(54.65, 427.56) (56.21, 428.8)
(56.21, 428.8) (58.16, 429.25)
(58.16, 429.25) (59.73, 430.5)
(58.16, 429.25) (60.11, 429.7)
(60.11, 429.7) (62.06, 429.25)
(60.11, 429.7) (62.06, 430.14)
(56.21, 428.8) (57.78, 430.05)
(57.78, 430.05) (58.64, 431.85)
(57.78, 430.05) (59.34, 431.3)
(59.34, 431.3) (61.29, 431.74)
(59.34, 431.3) (60.9, 432.55)
(60.9, 432.55) (61.77, 434.35)
(61.77, 434.35) (61.77, 436.35)
(61.77, 434.35) (62.64, 436.15)
(62.64, 436.15) (64.2, 437.4)
(62.64, 436.15) (63.5, 437.95)
(63.5, 437.95) (63.5, 439.95)
(63.5, 439.95) (62.64, 441.75)
(63.5, 439.95) (63.5, 441.95)
(63.5, 441.95) (64.37, 443.75)
(63.5, 441.95) (63.5, 443.95)
(63.5, 437.95) (64.37, 439.75)
(64.37, 439.75) (64.37, 441.75)
(64.37, 439.75) (65.24, 441.56)
(65.24, 441.56) (66.8, 442.8)
(65.24, 441.56) (66.11, 443.36)
(66.11, 443.36) (67.67, 444.61)
(67.67, 444.61) (68.54, 446.41)
(67.67, 444.61) (69.23, 445.85)
(69.23, 445.85) (71.18, 446.3)
(69.23, 445.85) (70.8, 447.1)
(66.11, 443.36) (66.97, 445.16)
(66.97, 445.16) (66.97, 447.16)
(66.97, 445.16) (67.84, 446.96)
(67.84, 446.96) (69.4, 448.21)
(67.84, 446.96) (68.71, 448.77)
(60.9, 432.55) (62.47, 433.79)
(62.47, 433.79) (63.33, 435.6)
(62.47, 433.79) (64.03, 435.04)
(64.03, 435.04) (65.98, 435.49)
(64.03, 435.04) (65.59, 436.29)
(65.59, 436.29) (66.46, 438.09)
(66.46, 438.09) (66.46, 440.09)
(66.46, 438.09) (67.33, 439.89)
(67.33, 439.89) (68.89, 441.14)
(67.33, 439.89) (68.19, 441.7)
(65.59, 436.29) (67.15, 437.54)
(67.15, 437.54) (68.02, 439.34)
(67.15, 437.54) (68.72, 438.78)
(68.72, 438.78) (70.67, 439.23)
(68.72, 438.78) (70.28, 440.03)
(70.28, 440.03) (72.23, 440.48)
(72.23, 440.48) (73.79, 441.73)
(72.23, 440.48) (74.18, 440.93)
(74.18, 440.93) (76.13, 440.48)
(74.18, 440.93) (76.13, 441.37)
(70.28, 440.03) (71.84, 441.28)
(71.84, 441.28) (72.71, 443.08)
(71.84, 441.28) (73.41, 442.53)
(73.41, 442.53) (75.36, 442.97)
(73.41, 442.53) (74.97, 443.78)
(74.97, 443.78) (76.92, 444.22)
(76.92, 444.22) (78.48, 445.47)
(76.92, 444.22) (78.87, 444.67)
(78.87, 444.67) (80.82, 444.23)
(78.87, 444.67) (80.82, 445.12)
(80.82, 445.12) (82.38, 446.36)
(82.38, 446.36) (83.25, 448.17)
(82.38, 446.36) (83.94, 447.61)
(83.94, 447.61) (85.89, 448.06)
(83.94, 447.61) (85.51, 448.86)
(80.82, 445.12) (82.77, 445.56)
(82.77, 445.56) (84.33, 446.81)
(82.77, 445.56) (84.72, 446.01)
(84.72, 446.01) (86.67, 445.57)
(84.72, 446.01) (86.67, 446.45)
(86.67, 446.45) (88.62, 446.01)
(88.62, 446.01) (90.57, 446.46)
(88.62, 446.01) (90.57, 445.57)
(90.57, 445.57) (92.13, 444.32)
(90.57, 445.57) (92.52, 445.13)
(86.67, 446.45) (88.62, 446.9)
(88.62, 446.9) (90.18, 448.15)
(88.62, 446.9) (90.57, 447.35)
(90.57, 447.35) (92.52, 446.9)
(90.57, 447.35) (92.52, 447.79)
(74.97, 443.78) (76.53, 445.02)
(76.53, 445.02) (77.4, 446.83)
(76.53, 445.02) (78.1, 446.27)
(78.1, 446.27) (80.05, 446.72)
(78.1, 446.27) (79.66, 447.52)
(79.66, 447.52) (80.53, 449.32)
(80.53, 449.32) (80.53, 451.32)
(80.53, 449.32) (81.39, 451.12)
(81.39, 451.12) (82.96, 452.37)
(81.39, 451.12) (82.26, 452.93)
(79.66, 447.52) (81.22, 448.77)
(81.22, 448.77) (82.09, 450.57)
(81.22, 448.77) (82.79, 450.01)
(82.79, 450.01) (84.73, 450.46)
(82.79, 450.01) (84.35, 451.26)
(84.35, 451.26) (86.3, 451.71)
(86.3, 451.71) (87.86, 452.96)
(86.3, 451.71) (88.25, 452.16)
(88.25, 452.16) (90.2, 451.71)
(88.25, 452.16) (90.2, 452.6)
(84.35, 451.26) (85.91, 452.51)
(85.91, 452.51) (86.78, 454.31)
(85.91, 452.51) (87.47, 453.76)
(87.47, 453.76) (89.42, 454.2)
(87.47, 453.76) (89.04, 455.01)
(46.84, 421.32) (47.7, 423.12)
(47.7, 423.12) (47.7, 425.12)
(47.7, 423.12) (48.57, 424.92)
(48.57, 424.92) (50.13, 426.17)
(48.57, 424.92) (49.44, 426.72)
(49.44, 426.72) (49.44, 428.72)
(49.44, 428.72) (48.57, 430.52)
(49.44, 428.72) (49.44, 430.72)
(49.44, 430.72) (50.3, 432.52)
(49.44, 430.72) (49.44, 432.72)
(49.44, 426.72) (50.3, 428.52)
(50.3, 428.52) (50.3, 430.52)
(50.3, 428.52) (51.17, 430.33)
(51.17, 430.33) (52.73, 431.57)
(51.17, 430.33) (52.04, 432.13)
(52.04, 432.13) (53.6, 433.38)
(53.6, 433.38) (54.47, 435.18)
(53.6, 433.38) (55.17, 434.62)
(55.17, 434.62) (57.11, 435.07)
(55.17, 434.62) (56.73, 435.87)
(52.04, 432.13) (52.91, 433.93)
(52.91, 433.93) (52.91, 435.93)
(52.91, 433.93) (53.77, 435.73)
(53.77, 435.73) (55.34, 436.98)
(53.77, 435.73) (54.64, 437.54)
(54.64, 437.54) (54.64, 439.54)
(54.64, 439.54) (53.77, 441.34)
(54.64, 439.54) (54.64, 441.54)
(54.64, 441.54) (55.51, 443.34)
(54.64, 441.54) (54.64, 443.54)
(54.64, 443.54) (53.77, 445.34)
(53.77, 445.34) (52.21, 446.59)
(53.77, 445.34) (52.91, 447.14)
(52.91, 447.14) (52.91, 449.14)
(52.91, 447.14) (52.04, 448.94)
(54.64, 443.54) (54.64, 445.54)
(54.64, 445.54) (53.77, 447.34)
(54.64, 445.54) (54.64, 447.54)
(54.64, 447.54) (55.51, 449.34)
(54.64, 447.54) (54.64, 449.54)
(54.64, 449.54) (55.51, 451.34)
(55.51, 451.34) (55.51, 453.34)
(55.51, 451.34) (56.38, 453.14)
(56.38, 453.14) (57.94, 454.39)
(56.38, 453.14) (57.24, 454.94)
(54.64, 449.54) (54.64, 451.54)
(54.64, 451.54) (53.77, 453.34)
(54.64, 451.54) (54.64, 453.54)
(54.64, 453.54) (55.51, 455.34)
(54.64, 453.54) (54.64, 455.54)
(54.64, 437.54) (55.51, 439.34)
(55.51, 439.34) (55.51, 441.34)
(55.51, 439.34) (56.38, 441.14)
(56.38, 441.14) (57.94, 442.39)
(56.38, 441.14) (57.24, 442.94)
(57.24, 442.94) (57.24, 444.94)
(57.24, 444.94) (56.38, 446.74)
(57.24, 444.94) (57.24, 446.94)
(57.24, 446.94) (58.11, 448.74)
(57.24, 446.94) (57.24, 448.94)
(57.24, 442.94) (58.11, 444.74)
(58.11, 444.74) (58.11, 446.74)
(58.11, 444.74) (58.98, 446.55)
(58.98, 446.55) (60.54, 447.79)
(58.98, 446.55) (59.84, 448.35)
(59.84, 448.35) (61.41, 449.6)
(61.41, 449.6) (62.28, 451.4)
(61.41, 449.6) (62.97, 450.84)
(62.97, 450.84) (64.92, 451.29)
(62.97, 450.84) (64.53, 452.09)
(59.84, 448.35) (60.71, 450.15)
(60.71, 450.15) (60.71, 452.15)
(60.71, 450.15) (61.58, 451.95)
(61.58, 451.95) (63.14, 453.2)
(61.58, 451.95) (62.45, 453.76)
(62.45, 453.76) (64.01, 455.0)
(64.01, 455.0) (64.88, 456.81)
(64.01, 455.0) (65.57, 456.25)
(65.57, 456.25) (67.52, 456.7)
(65.57, 456.25) (67.14, 457.5)
(67.14, 457.5) (68.0, 459.3)
(68.0, 459.3) (68.0, 461.3)
(68.0, 459.3) (68.87, 461.1)
(68.87, 461.1) (70.43, 462.35)
(68.87, 461.1) (69.74, 462.9)
(67.14, 457.5) (68.7, 458.75)
(68.7, 458.75) (69.57, 460.55)
(68.7, 458.75) (70.26, 459.99)
(70.26, 459.99) (72.21, 460.44)
(70.26, 459.99) (71.83, 461.24)
(71.83, 461.24) (73.77, 461.69)
(73.77, 461.69) (75.34, 462.94)
(73.77, 461.69) (75.72, 462.13)
(75.72, 462.13) (77.67, 461.69)
(75.72, 462.13) (77.67, 462.58)
(71.83, 461.24) (73.39, 462.49)
(73.39, 462.49) (74.26, 464.29)
(73.39, 462.49) (74.95, 463.74)
(74.95, 463.74) (76.9, 464.18)
(74.95, 463.74) (76.51, 464.98)
(62.45, 453.76) (63.31, 455.56)
(63.31, 455.56) (63.31, 457.56)
(63.31, 455.56) (64.18, 457.36)
(64.18, 457.36) (65.74, 458.61)
(64.18, 457.36) (65.05, 459.16)
(65.05, 459.16) (65.05, 461.16)
(65.05, 461.16) (64.18, 462.96)
(65.05, 461.16) (65.05, 463.16)
(65.05, 463.16) (65.92, 464.96)
(65.05, 463.16) (65.05, 465.16)
(65.05, 459.16) (65.92, 460.96)
(65.92, 460.96) (65.92, 462.96)
(65.92, 460.96) (66.78, 462.77)
(66.78, 462.77) (68.35, 464.01)
(66.78, 462.77) (67.65, 464.57)
(67.65, 464.57) (69.21, 465.82)
(69.21, 465.82) (70.08, 467.62)
(69.21, 465.82) (70.78, 467.06)
(70.78, 467.06) (72.73, 467.51)
(70.78, 467.06) (72.34, 468.31)
(67.65, 464.57) (68.52, 466.37)
(68.52, 466.37) (68.52, 468.37)
(68.52, 466.37) (69.39, 468.17)
(69.39, 468.17) (70.95, 469.42)
(69.39, 468.17) (70.25, 469.97)
(0.0, 324.0) (0.0, 326.0)
(0.0, 326.0) (-0.87, 327.8)
(0.0, 326.0) (0.0, 328.0)
(0.0, 328.0) (0.87, 329.8)
(0.0, 328.0) (0.0, 330.0)
(0.0, 330.0) (-0.87, 331.8)
(-0.87, 331.8) (-2.43, 333.05)
(-0.87, 331.8) (-1.73, 333.6)
(-1.73, 333.6) (-1.73, 335.6)
(-1.73, 333.6) (-2.6, 335.41)
(0.0, 330.0) (0.0, 332.0)
(0.0, 332.0) (-0.87, 333.8)
(0.0, 332.0) (0.0, 334.0)
(0.0, 334.0) (0.87, 335.8)
(0.0, 334.0) (0.0, 336.0)
(0.0, 336.0) (0.87, 337.8)
(0.87, 337.8) (0.87, 339.8)
(0.87, 337.8) (1.73, 339.6)
(1.73, 339.6) (3.3, 340.85)
(1.73, 339.6) (2.6, 341.41)
(0.0, 336.0) (0.0, 338.0)
(0.0, 338.0) (-0.87, 339.8)
(0.0, 338.0) (0.0, 340.0)
(0.0, 340.0) (0.87, 341.8)
(0.0, 340.0) (0.0, 342.0)
(0.0, 342.0) (-0.87, 343.8)
(-0.87, 343.8) (-2.43, 345.05)
(-0.87, 343.8) (-1.73, 345.6)
(-1.73, 345.6) (-1.73, 347.6)
(-1.73, 345.6) (-2.6, 347.41)
(-2.6, 347.41) (-4.16, 348.65)
(-4.16, 348.65) (-6.11, 349.1)
(-4.16, 348.65) (-5.73, 349.9)
(-5.73, 349.9) (-6.6, 351.7)
(-5.73, 349.9) (-7.29, 351.15)
(-2.6, 347.41) (-3.47, 349.21)
(-3.47, 349.21) (-5.03, 350.46)
(-3.47, 349.21) (-4.34, 351.01)
(-4.34, 351.01) (-4.34, 353.01)
(-4.34, 351.01) (-5.2, 352.81)
(-5.2, 352.81) (-5.2, 354.81)
(-5.2, 354.81) (-6.07, 356.62)
(-5.2, 354.81) (-5.2, 356.81)
(-5.2, 356.81) (-4.34, 358.62)
(-5.2, 356.81) (-5.2, 358.81)
(-5.2, 352.81) (-6.07, 354.62)
(-6.07, 354.62) (-7.63, 355.86)
(-6.07, 354.62) (-6.94, 356.42)
(-6.94, 356.42) (-6.94, 358.42)
(-6.94, 356.42) (-7.81, 358.22)
(0.0, 342.0) (0.0, 344.0)
(0.0, 344.0) (-0.87, 345.8)
(0.0, 344.0) (0.0, 346.0)
(0.0, 346.0) (0.87, 347.8)
(0.0, 346.0) (0.0, 348.0)
(0.0, 348.0) (-0.87, 349.8)
(-0.87, 349.8) (-2.43, 351.05)
(-0.87, 349.8) (-1.73, 351.6)
(-1.73, 351.6) (-1.73, 353.6)
(-1.73, 351.6) (-2.6, 353.41)
(0.0, 348.0) (0.0, 350.0)
(0.0, 350.0) (-0.87, 351.8)
(0.0, 350.0) (0.0, 352.0)
(0.0, 352.0) (0.87, 353.8)
(0.0, 352.0) (0.0, 354.0)
(0.0, 354.0) (0.87, 355.8)
(0.87, 355.8) (0.87, 357.8)
(0.87, 355.8) (1.73, 357.6)
(1.73, 357.6) (3.3, 358.85)
(1.73, 357.6) (2.6, 359.41)
(0.0, 354.0) (0.0, 356.0)
(0.0, 356.0) (-0.87, 357.8)
(0.0, 356.0) (0.0, 358.0)
(0.0, 358.0) (0.87, 359.8)
(0.0, 358.0) (0.0, 360.0)
(0.0, 360.0) (0.87, 361.8)
(0.87, 361.8) (0.87, 363.8)
(0.87, 361.8) (1.73, 363.6)
(1.73, 363.6) (3.3, 364.85)
(1.73, 363.6) (2.6, 365.41)
(2.6, 365.41) (2.6, 367.41)
(2.6, 367.41) (1.73, 369.21)
(2.6, 367.41) (2.6, 369.41)
(2.6, 369.41) (3.47, 371.21)
(2.6, 369.41) (2.6, 371.41)
(2.6, 365.41) (3.47, 367.21)
(3.47, 367.21) (3.47, 369.21)
(3.47, 367.21) (4.34, 369.01)
(4.34, 369.01) (5.9, 370.26)
(4.34, 369.01) (5.2, 370.81)
(5.2, 370.81) (6.77, 372.06)
(6.77, 372.06) (7.63, 373.86)
(6.77, 372.06) (8.33, 373.31)
(8.33, 373.31) (10.28, 373.75)
(8.33, 373.31) (9.89, 374.56)
(5.2, 370.81) (6.07, 372.62)
(6.07, 372.62) (6.07, 374.62)
(6.07, 372.62) (6.94, 374.42)
(6.94, 374.42) (8.5, 375.66)
(6.94, 374.42) (7.81, 376.22)
(0.0, 360.0) (0.0, 362.0)
(0.0, 362.0) (-0.87, 363.8)
(0.0, 362.0) (0.0, 364.0)
(0.0, 364.0) (0.87, 365.8)
(0.0, 364.0) (0.0, 366.0)
(0.0, 366.0) (-0.87, 367.8)
(-0.87, 367.8) (-2.43, 369.05)
(-0.87, 367.8) (-1.73, 369.6)
(-1.73, 369.6) (-1.73, 371.6)
(-1.73, 369.6) (-2.6, 371.41)
(0.0, 366.0) (0.0, 368.0)
(0.0, 368.0) (-0.87, 369.8)
(0.0, 368.0) (0.0, 370.0)
(0.0, 370.0) (0.87, 371.8)
(0.0, 370.0) (0.0, 372.0)
(0.0, 372.0) (0.87, 373.8)
(0.87, 373.8) (0.87, 375.8)
(0.87, 373.8) (1.73, 375.6)
(1.73, 375.6) (3.3, 376.85)
(1.73, 375.6) (2.6, 377.41)
(0.0, 372.0) (0.0, 374.0)
(0.0, 374.0) (-0.87, 375.8)
(0.0, 374.0) (0.0, 376.0)
(0.0, 376.0) (0.87, 377.8)
(0.0, 376.0) (0.0, 378.0)
(0.0, 378.0) (-0.87, 379.8)
(-0.87, 379.8) (-2.43, 381.05)
(-0.87, 379.8) (-1.73, 381.6)
(-1.73, 381.6) (-1.73, 383.6)
(-1.73, 381.6) (-2.6, 383.41)
(-2.6, 383.41) (-4.16, 384.65)
(-4.16, 384.65) (-6.11, 385.1)
(-4.16, 384.65) (-5.73, 385.9)
(-5.73, 385.9) (-6.6, 387.7)
(-5.73, 385.9) (-7.29, 387.15)
(-2.6, 383.41) (-3.47, 385.21)
(-3.47, 385.21) (-5.03, 386.46)
(-3.47, 385.21) (-4.34, 387.01)
(-4.34, 387.01) (-4.34, 389.01)
(-4.34, 387.01) (-5.2, 388.81)
(-5.2, 388.81) (-5.2, 390.81)
(-5.2, 390.81) (-6.07, 392.62)
(-5.2, 390.81) (-5.2, 392.81)
(-5.2, 392.81) (-4.34, 394.62)
(-5.2, 392.81) (-5.2, 394.81)
(-5.2, 388.81) (-6.07, 390.62)
(-6.07, 390.62) (-7.63, 391.86)
(-6.07, 390.62) (-6.94, 392.42)
(-6.94, 392.42) (-6.94, 394.42)
(-6.94, 392.42) (-7.81, 394.22)
(-7.81, 394.22) (-9.37, 395.47)
(-9.37, 395.47) (-11.32, 395.91)
(-9.37, 395.47) (-10.93, 396.71)
(-10.93, 396.71) (-11.8, 398.52)
(-10.93, 396.71) (-12.49, 397.96)
(-12.49, 397.96) (-14.44, 398.41)
(-14.44, 398.41) (-16.39, 397.97)
(-14.44, 398.41) (-16.39, 398.86)
(-16.39, 398.86) (-17.96, 400.1)
(-16.39, 398.86) (-18.34, 399.3)
(-12.49, 397.96) (-14.06, 399.21)
(-14.06, 399.21) (-16.01, 399.66)
(-14.06, 399.21) (-15.62, 400.46)
(-15.62, 400.46) (-16.49, 402.26)
(-15.62, 400.46) (-17.18, 401.71)
(-17.18, 401.71) (-18.05, 403.51)
(-18.05, 403.51) (-19.61, 404.76)
(-18.05, 403.51) (-18.92, 405.31)
(-18.92, 405.31) (-18.92, 407.31)
(-18.92, 405.31) (-19.79, 407.11)
(-17.18, 401.71) (-18.75, 402.95)
(-18.75, 402.95) (-20.7, 403.4)
(-18.75, 402.95) (-20.31, 404.2)
(-20.31, 404.2) (-21.18, 406.0)
(-20.31, 404.2) (-21.87, 405.45)
(-7.81, 394.22) (-8.67, 396.02)
(-8.67, 396.02) (-10.24, 397.27)
(-8.67, 396.02) (-9.54, 397.82)
(-9.54, 397.82) (-9.54, 399.82)
(-9.54, 397.82) (-10.41, 399.63)
(-10.41, 399.63) (-11.97, 400.87)
(-11.97, 400.87) (-13.92, 401.32)
(-11.97, 400.87) (-13.53, 402.12)
(-13.53, 402.12) (-14.4, 403.92)
(-13.53, 402.12) (-15.1, 403.37)
(-10.41, 399.63) (-11.28, 401.43)
(-11.28, 401.43) (-12.84, 402.68)
(-11.28, 401.43) (-12.14, 403.23)
(-12.14, 403.23) (-12.14, 405.23)
(-12.14, 403.23) (-13.01, 405.03)
(-13.01, 405.03) (-13.01, 407.03)
(-13.01, 407.03) (-13.88, 408.83)
(-13.01, 407.03) (-13.01, 409.03)
(-13.01, 409.03) (-12.14, 410.83)
(-13.01, 409.03) (-13.01, 411.03)
(-13.01, 405.03) (-13.88, 406.83)
(-13.88, 406.83) (-15.44, 408.08)
(-13.88, 406.83) (-14.74, 408.64)
(-14.74, 408.64) (-14.74, 410.64)
(-14.74, 408.64) (-15.61, 410.44)
(-15.61, 410.44) (-15.61, 412.44)
(-15.61, 412.44) (-16.48, 414.24)
(-15.61, 412.44) (-15.61, 414.44)
(-15.61, 414.44) (-14.74, 416.24)
(-15.61, 414.44) (-15.61, 416.44)
(-15.61, 416.44) (-16.48, 418.24)
(-16.48, 418.24) (-18.04, 419.49)
(-16.48, 418.24) (-17.35, 420.04)
(-17.35, 420.04) (-17.35, 422.04)
(-17.35, 420.04) (-18.21, 421.85)
(-15.61, 416.44) (-15.61, 418.44)
(-15.61, 418.44) (-16.48, 420.24)
(-15.61, 418.44) (-15.61, 420.44)
(-15.61, 420.44) (-14.74, 422.24)
(-15.61, 420.44) (-15.61, 422.44)
(-15.61, 422.44) (-14.74, 424.24)
(-14.74, 424.24) (-14.74, 426.24)
(-14.74, 424.24) (-13.88, 426.04)
(-13.88, 426.04) (-12.31, 427.29)
(-13.88, 426.04) (-13.01, 427.85)
(-15.61, 422.44) (-15.61, 424.44)
(-15.61, 424.44) (-16.48, 426.24)
(-15.61, 424.44) (-15.61, 426.44)
(-15.61, 426.44) (-14.74, 428.24)
(-15.61, 426.44) (-15.61, 428.44)
(-15.61, 410.44) (-16.48, 412.24)
(-16.48, 412.24) (-18.04, 413.49)
(-16.48, 412.24) (-17.35, 414.04)
(-17.35, 414.04) (-17.35, 416.04)
(-17.35, 414.04) (-18.21, 415.85)
(-18.21, 415.85) (-19.78, 417.09)
(-19.78, 417.09) (-21.73, 417.54)
(-19.78, 417.09) (-21.34, 418.34)
(-21.34, 418.34) (-22.21, 420.14)
(-21.34, 418.34) (-22.9, 419.59)
(-18.21, 415.85) (-19.08, 417.65)
(-19.08, 417.65) (-20.64, 418.9)
(-19.08, 417.65) (-19.95, 419.45)
(-19.95, 419.45) (-19.95, 421.45)
(-19.95, 419.45) (-20.82, 421.25)
(-20.82, 421.25) (-20.82, 423.25)
(-20.82, 423.25) (-21.68, 425.05)
(-20.82, 423.25) (-20.82, 425.25)
(-20.82, 425.25) (-19.95, 427.05)
(-20.82, 425.25) (-20.82, 427.25)
(-20.82, 421.25) (-21.68, 423.05)
(-21.68, 423.05) (-23.25, 424.3)
(-21.68, 423.05) (-22.55, 424.86)
(-22.55, 424.86) (-22.55, 426.86)
(-22.55, 424.86) (-23.42, 426.66)
(0.0, 378.0) (0.0, 380.0)
(0.0, 380.0) (-0.87, 381.8)
(0.0, 380.0) (0.0, 382.0)
(0.0, 382.0) (0.87, 383.8)
(0.0, 382.0) (0.0, 384.0)
(0.0, 384.0) (-0.87, 385.8)
(-0.87, 385.8) (-2.43, 387.05)
(-0.87, 385.8) (-1.73, 387.6)
(-1.73, 387.6) (-1.73, 389.6)
(-1.73, 387.6) (-2.6, 389.41)
(0.0, 384.0) (0.0, 386.0)
(0.0, 386.0) (-0.87, 387.8)
(0.0, 386.0) (0.0, 388.0)
(0.0, 388.0) (0.87, 389.8)
(0.0, 388.0) (0.0, 390.0)
(0.0, 390.0) (0.87, 391.8)
(0.87, 391.8) (0.87, 393.8)
(0.87, 391.8) (1.73, 393.6)
(1.73, 393.6) (3.3, 394.85)
(1.73, 393.6) (2.6, 395.41)
(0.0, 390.0) (0.0, 392.0)
(0.0, 392.0) (-0.87, 393.8)
(0.0, 392.0) (0.0, 394.0)
(0.0, 394.0) (0.87, 395.8)
(0.0, 394.0) (0.0, 396.0)
(0.0, 396.0) (-0.87, 397.8)
(-0.87, 397.8) (-2.43, 399.05)
(-0.87, 397.8) (-1.73, 399.6)
(-1.73, 399.6) (-1.73, 401.6)
(-1.73, 399.6) (-2.6, 401.41)
(-2.6, 401.41) (-4.16, 402.65)
(-4.16, 402.65) (-6.11, 403.1)
(-4.16, 402.65) (-5.73, 403.9)
(-5.73, 403.9) (-6.6, 405.7)
(-5.73, 403.9) (-7.29, 405.15)
(-2.6, 401.41) (-3.47, 403.21)
(-3.47, 403.21) (-5.03, 404.46)
(-3.47, 403.21) (-4.34, 405.01)
(-4.34, 405.01) (-4.34, 407.01)
(-4.34, 405.01) (-5.2, 406.81)
(-5.2, 406.81) (-5.2, 408.81)
(-5.2, 408.81) (-6.07, 410.62)
(-5.2, 408.81) (-5.2, 410.81)
(-5.2, 410.81) (-4.34, 412.62)
(-5.2, 410.81) (-5.2, 412.81)
(-5.2, 406.81) (-6.07, 408.62)
(-6.07, 408.62) (-7.63, 409.86)
(-6.07, 408.62) (-6.94, 410.42)
(-6.94, 410.42) (-6.94, 412.42)
(-6.94, 410.42) (-7.81, 412.22)
(0.0, 396.0) (0.0, 398.0)
(0.0, 398.0) (-0.87, 399.8)
(0.0, 398.0) (0.0, 400.0)
(0.0, 400.0) (0.87, 401.8)
(0.0, 400.0) (0.0, 402.0)
(0.0, 402.0) (-0.87, 403.8)
(-0.87, 403.8) (-2.43, 405.05)
(-0.87, 403.8) (-1.73, 405.6)
(-1.73, 405.6) (-1.73, 407.6)
(-1.73, 405.6) (-2.6, 407.41)
(0.0, 402.0) (0.0, 404.0)
(0.0, 404.0) (-0.87, 405.8)
(0.0, 404.0) (0.0, 406.0)
(0.0, 406.0) (0.87, 407.8)
(0.0, 406.0) (0.0, 408.0)
(0.0, 408.0) (0.87, 409.8)
(0.87, 409.8) (0.87, 411.8)
(0.87, 409.8) (1.73, 411.6)
(1.73, 411.6) (3.3, 412.85)
(1.73, 411.6) (2.6, 413.41)
(0.0, 408.0) (0.0, 410.0)
(0.0, 410.0) (-0.87, 411.8)
(0.0, 410.0) (0.0, 412.0)
(0.0, 412.0) (0.87, 413.8)
(0.0, 412.0) (0.0, 414.0)
(0.0, 414.0) (0.87, 415.8)
(0.87, 415.8) (0.87, 417.8)
(0.87, 415.8) (1.73, 417.6)
(1.73, 417.6) (3.3, 418.85)
(1.73, 417.6) (2.6, 419.41)
(2.6, 419.41) (2.6, 421.41)
(2.6, 421.41) (1.73, 423.21)
(2.6, 421.41) (2.6, 423.41)
(2.6, 423.41) (3.47, 425.21)
(2.6, 423.41) (2.6, 425.41)
(2.6, 419.41) (3.47, 421.21)
(3.47, 421.21) (3.47, 423.21)
(3.47, 421.21) (4.34, 423.01)
(4.34, 423.01) (5.9, 424.26)
(4.34, 423.01) (5.2, 424.81)
(5.2, 424.81) (6.77, 426.06)
(6.77, 426.06) (7.63, 427.86)
(6.77, 426.06) (8.33, 427.31)
(8.33, 427.31) (10.28, 427.75)
(8.33, 427.31) (9.89, 428.56)
(5.2, 424.81) (6.07, 426.62)
(6.07, 426.62) (6.07, 428.62)
(6.07, 426.62) (6.94, 428.42)
(6.94, 428.42) (8.5, 429.66)
(6.94, 428.42) (7.81, 430.22)
(0.0, 414.0) (0.0, 416.0)
(0.0, 416.0) (-0.87, 417.8)
(0.0, 416.0) (0.0, 418.0)
(0.0, 418.0) (0.87, 419.8)
(0.0, 418.0) (0.0, 420.0)
(0.0, 420.0) (-0.87, 421.8)
(-0.87, 421.8) (-2.43, 423.05)
(-0.87, 421.8) (-1.73, 423.6)
(-1.73, 423.6) (-1.73, 425.6)
(-1.73, 423.6) (-2.6, 425.41)
(0.0, 420.0) (0.0, 422.0)
(0.0, 422.0) (-0.87, 423.8)
(0.0, 422.0) (0.0, 424.0)
(0.0, 424.0) (0.87, 425.8)
(0.0, 424.0) (0.0, 426.0)
(0.0, 426.0) (0.87, 427.8)
(0.87, 427.8) (0.87, 429.8)
(0.87, 427.8) (1.73, 429.6)
(1.73, 429.6) (3.3, 430.85)
(1.73, 429.6) (2.6, 431.41)
(0.0, 426.0) (0.0, 428.0)
(0.0, 428.0) (-0.87, 429.8)
(0.0, 428.0) (0.0, 430.0)
(0.0, 430.0) (0.87, 431.8)
(0.0, 430.0) (0.0, 432.0)
(0.0, 432.0) (0.87, 433.8)
(0.87, 433.8) (0.87, 435.8)
(0.87, 433.8) (1.73, 435.6)
(1.73, 435.6) (3.3, 436.85)
(1.73, 435.6) (2.6, 437.41)
(2.6, 437.41) (2.6, 439.41)
(2.6, 439.41) (1.73, 441.21)
(2.6, 439.41) (2.6, 441.41)
(2.6, 441.41) (3.47, 443.21)
(2.6, 441.41) (2.6, 443.41)
(2.6, 437.41) (3.47, 439.21)
(3.47, 439.21) (3.47, 441.21)
(3.47, 439.21) (4.34, 441.01)
(4.34, 441.01) (5.9, 442.26)
(4.34, 441.01) (5.2, 442.81)
(5.2, 442.81) (6.77, 444.06)
(6.77, 444.06) (7.63, 445.86)
(6.77, 444.06) (8.33, 445.31)
(8.33, 445.31) (10.28, 445.75)
(8.33, 445.31) (9.89, 446.56)
(5.2, 442.81) (6.07, 444.62)
(6.07, 444.62) (6.07, 446.62)
(6.07, 444.62) (6.94, 446.42)
(6.94, 446.42) (8.5, 447.66)
(6.94, 446.42) (7.81, 448.22)
(7.81, 448.22) (7.81, 450.22)
(7.81, 450.22) (6.94, 452.02)
(7.81, 450.22) (7.81, 452.22)
(7.81, 452.22) (8.67, 454.02)
(7.81, 452.22) (7.81, 454.22)
(7.81, 454.22) (6.94, 456.02)
(6.94, 456.02) (5.38, 457.27)
(6.94, 456.02) (6.07, 457.82)
(6.07, 457.82) (6.07, 459.82)
(6.07, 457.82) (5.2, 459.63)
(7.81, 454.22) (7.81, 456.22)
(7.81, 456.22) (6.94, 458.02)
(7.81, 456.22) (7.81, 458.22)
(7.81, 458.22) (8.67, 460.02)
(7.81, 458.22) (7.81, 460.22)
(7.81, 460.22) (8.67, 462.02)
(8.67, 462.02) (8.67, 464.02)
(8.67, 462.02) (9.54, 463.82)
(9.54, 463.82) (11.1, 465.07)
(9.54, 463.82) (10.41, 465.63)
(7.81, 460.22) (7.81, 462.22)
(7.81, 462.22) (6.94, 464.02)
(7.81, 462.22) (7.81, 464.22)
(7.81, 464.22) (8.67, 466.02)
(7.81, 464.22) (7.81, 466.22)
(7.81, 448.22) (8.67, 450.02)
(8.67, 450.02) (8.67, 452.02)
(8.67, 450.02) (9.54, 451.82)
(9.54, 451.82) (11.1, 453.07)
(9.54, 451.82) (10.41, 453.63)
(10.41, 453.63) (10.41, 455.63)
(10.41, 455.63) (9.54, 457.43)
(10.41, 455.63) (10.41, 457.63)
(10.41, 457.63) (11.28, 459.43)
(10.41, 457.63) (10.41, 459.63)
(10.41, 453.63) (11.28, 455.43)
(11.28, 455.43) (11.28, 457.43)
(11.28, 455.43) (12.14, 457.23)
(12.14, 457.23) (13.71, 458.48)
(12.14, 457.23) (13.01, 459.03)
(13.01, 459.03) (14.57, 460.28)
(14.57, 460.28) (15.44, 462.08)
(14.57, 460.28) (16.14, 461.53)
(16.14, 461.53) (18.09, 461.97)
(16.14, 461.53) (17.7, 462.78)
(13.01, 459.03) (13.88, 460.83)
(13.88, 460.83) (13.88, 462.83)
(13.88, 460.83) (14.74, 462.64)
(14.74, 462.64) (16.31, 463.88)
(14.74, 462.64) (15.61, 464.44)
(15.61, 464.44) (17.17, 465.69)
(17.17, 465.69) (18.04, 467.49)
(17.17, 465.69) (18.74, 466.93)
(18.74, 466.93) (20.69, 467.38)
(18.74, 466.93) (20.3, 468.18)
(20.3, 468.18) (21.17, 469.98)
(21.17, 469.98) (21.17, 471.98)
(21.17, 469.98) (22.04, 471.79)
(22.04, 471.79) (23.6, 473.03)
(22.04, 471.79) (22.9, 473.59)
(20.3, 468.18) (21.86, 469.43)
(21.86, 469.43) (22.73, 471.23)
(21.86, 469.43) (23.43, 470.68)
(23.43, 470.68) (25.38, 471.12)
(23.43, 470.68) (24.99, 471.93)
(24.99, 471.93) (26.94, 472.37)
(26.94, 472.37) (28.5, 473.62)
(26.94, 472.37) (28.89, 472.82)
(28.89, 472.82) (30.84, 472.38)
(28.89, 472.82) (30.84, 473.26)
(24.99, 471.93) (26.55, 473.17)
(26.55, 473.17) (27.42, 474.98)
(26.55, 473.17) (28.12, 474.42)
(28.12, 474.42) (30.07, 474.87)
(28.12, 474.42) (29.68, 475.67)
(15.61, 464.44) (16.48, 466.24)
(16.48, 466.24) (16.48, 468.24)
(16.48, 466.24) (17.35, 468.04)
(17.35, 468.04) (18.91, 469.29)
(17.35, 468.04) (18.21, 469.85)
(18.21, 469.85) (18.21, 471.85)
(18.21, 471.85) (17.35, 473.65)
(18.21, 471.85) (18.21, 473.85)
(18.21, 473.85) (19.08, 475.65)
(18.21, 473.85) (18.21, 475.85)
(18.21, 469.85) (19.08, 471.65)
(19.08, 471.65) (19.08, 473.65)
(19.08, 471.65) (19.95, 473.45)
(19.95, 473.45) (21.51, 474.7)
(19.95, 473.45) (20.82, 475.25)
(20.82, 475.25) (22.38, 476.5)
(22.38, 476.5) (23.25, 478.3)
(22.38, 476.5) (23.94, 477.75)
(23.94, 477.75) (25.89, 478.19)
(23.94, 477.75) (25.5, 478.99)
(20.82, 475.25) (21.68, 477.05)
(21.68, 477.05) (21.68, 479.05)
(21.68, 477.05) (22.55, 478.86)
(22.55, 478.86) (24.11, 480.1)
(22.55, 478.86) (23.42, 480.66)
(0.0, 432.0) (0.0, 434.0)
(0.0, 434.0) (-0.87, 435.8)
(0.0, 434.0) (0.0, 436.0)
(0.0, 436.0) (0.87, 437.8)
(0.0, 436.0) (0.0, 438.0)
(0.0, 438.0) (-0.87, 439.8)
(-0.87, 439.8) (-2.43, 441.05)
(-0.87, 439.8) (-1.73, 441.6)
(-1.73, 441.6) (-1.73, 443.6)
(-1.73, 441.6) (-2.6, 443.41)
(0.0, 438.0) (0.0, 440.0)
(0.0, 440.0) (-0.87, 441.8)
(0.0, 440.0) (0.0, 442.0)
(0.0, 442.0) (0.87, 443.8)
(0.0, 442.0) (0.0, 444.0)
(0.0, 444.0) (0.87, 445.8)
(0.87, 445.8) (0.87, 447.8)
(0.87, 445.8) (1.73, 447.6)
(1.73, 447.6) (3.3, 448.85)
(1.73, 447.6) (2.6, 449.41)
(0.0, 444.0) (0.0, 446.0)
(0.0, 446.0) (-0.87, 447.8)
(0.0, 446.0) (0.0, 448.0)
(0.0, 448.0) (0.87, 449.8)
(0.0, 448.0) (0.0, 450.0)
(0.0, 450.0) (-0.87, 451.8)
(-0.87, 451.8) (-2.43, 453.05)
(-0.87, 451.8) (-1.73, 453.6)
(-1.73, 453.6) (-1.73, 455.6)
(-1.73, 453.6) (-2.6, 455.41)
(-2.6, 455.41) (-4.16, 456.65)
(-4.16, 456.65) (-6.11, 457.1)
(-4.16, 456.65) (-5.73, 457.9)
(-5.73, 457.9) (-6.6, 459.7)
(-5.73, 457.9) (-7.29, 459.15)
(-2.6, 455.41) (-3.47, 457.21)
(-3.47, 457.21) (-5.03, 458.46)
(-3.47, 457.21) (-4.34, 459.01)
(-4.34, 459.01) (-4.34, 461.01)
(-4.34, 459.01) (-5.2, 460.81)
(-5.2, 460.81) (-5.2, 462.81)
(-5.2, 462.81) (-6.07, 464.62)
(-5.2, 462.81) (-5.2, 464.81)
(-5.2, 464.81) (-4.34, 466.62)
(-5.2, 464.81) (-5.2, 466.81)
(-5.2, 460.81) (-6.07, 462.62)
(-6.07, 462.62) (-7.63, 463.86)
(-6.07, 462.62) (-6.94, 464.42)
(-6.94, 464.42) (-6.94, 466.42)
(-6.94, 464.42) (-7.81, 466.22)
(0.0, 450.0) (0.0, 452.0)
(0.0, 452.0) (-0.87, 453.8)
(0.0, 452.0) (0.0, 454.0)
(0.0, 454.0) (0.87, 455.8)
(0.0, 454.0) (0.0, 456.0)
(0.0, 456.0) (-0.87, 457.8)
(-0.87, 457.8) (-2.43, 459.05)
(-0.87, 457.8) (-1.73, 459.6)
(-1.73, 459.6) (-1.73, 461.6)
(-1.73, 459.6) (-2.6, 461.41)
(0.0, 456.0) (0.0, 458.0)
(0.0, 458.0) (-0.87, 459.8)
(0.0, 458.0) (0.0, 460.0)
(0.0, 460.0) (0.87, 461.8)
(0.0, 460.0) (0.0, 462.0)
(0.0, 462.0) (0.87, 463.8)
(0.87, 463.8) (0.87, 465.8)
(0.87, 463.8) (1.73, 465.6)
(1.73, 465.6) (3.3, 466.85)
(1.73, 465.6) (2.6, 467.41)
(0.0, 462.0) (0.0, 464.0)
(0.0, 464.0) (-0.87, 465.8)
(0.0, 464.0) (0.0, 466.0)
(0.0, 466.0) (0.87, 467.8)
(0.0, 466.0) (0.0, 468.0)
(0.0, 468.0) (0.87, 469.8)
(0.87, 469.8) (0.87, 471.8)
(0.87, 469.8) (1.73, 471.6)
(1.73, 471.6) (3.3, 472.85)
(1.73, 471.6) (2.6, 473.41)
(2.6, 473.41) (2.6, 475.41)
(2.6, 475.41) (1.73, 477.21)
(2.6, 475.41) (2.6, 477.41)
(2.6, 477.41) (3.47, 479.21)
(2.6, 477.41) (2.6, 479.41)
(2.6, 473.41) (3.47, 475.21)
(3.47, 475.21) (3.47, 477.21)
(3.47, 475.21) (4.34, 477.01)
(4.34, 477.01) (5.9, 478.26)
(4.34, 477.01) (5.2, 478.81)
(5.2, 478.81) (6.77, 480.06)
(6.77, 480.06) (7.63, 481.86)
(6.77, 480.06) (8.33, 481.31)
(8.33, 481.31) (10.28, 481.75)
(8.33, 481.31) (9.89, 482.56)
(5.2, 478.81) (6.07, 480.62)
(6.07, 480.62) (6.07, 482.62)
(6.07, 480.62) (6.94, 482.42)
(6.94, 482.42) (8.5, 483.66)
(6.94, 482.42) (7.81, 484.22)
(0.0, 468.0) (0.0, 470.0)
(0.0, 470.0) (-0.87, 471.8)
(0.0, 470.0) (0.0, 472.0)
(0.0, 472.0) (0.87, 473.8)
(0.0, 472.0) (0.0, 474.0)
(0.0, 474.0) (-0.87, 475.8)
(-0.87, 475.8) (-2.43, 477.05)
(-0.87, 475.8) (-1.73, 477.6)
(-1.73, 477.6) (-1.73, 479.6)
(-1.73, 477.6) (-2.6, 479.41)
(0.0, 474.0) (0.0, 476.0)
(0.0, 476.0) (-0.87, 477.8)
(0.0, 476.0) (0.0, 478.0)
(0.0, 478.0) (0.87, 479.8)
(0.0, 478.0) (0.0, 480.0)
(0.0, 480.0) (0.87, 481.8)
(0.87, 481.8) (0.87, 483.8)
(0.87, 481.8) (1.73, 483.6)
(1.73, 483.6) (3.3, 484.85)
(1.73, 483.6) (2.6, 485.41)
(0.0, 480.0) (0.0, 482.0)
(0.0, 482.0) (-0.87, 483.8)
(0.0, 482.0) (0.0, 484.0)
(0.0, 484.0) (0.87, 485.8)
(0.0, 484.0) (0.0, 486.0)
