(0, 0) (0.0, 3.0)
(0.0, 3.0) (-1.03, 5.82)
(0.0, 3.0) (0.0, 6.0)
(0.0, 6.0) (1.03, 8.82)
(0.0, 6.0) (0.0, 9.0)
(0.0, 6.0) (-1.03, 8.82)
(-1.03, 8.82) (-2.95, 11.12)
(-1.03, 8.82) (-2.05, 11.64)
(-2.05, 11.64) (-2.05, 14.64)
(-2.05, 11.64) (-3.08, 14.46)
(0.0, 6.0) (0.0, 9.0)
(0.0, 9.0) (-1.03, 11.82)
(0.0, 9.0) (0.0, 12.0)
(0.0, 12.0) (1.03, 14.82)
(0.0, 12.0) (0.0, 15.0)
(0.0, 12.0) (1.03, 14.82)
(1.03, 14.82) (1.03, 17.82)
(1.03, 14.82) (2.05, 17.64)
(2.05, 17.64) (3.98, 19.94)
(2.05, 17.64) (3.08, 20.46)
(0.0, 12.0) (0.0, 15.0)
(0.0, 15.0) (-1.03, 17.82)
(0.0, 15.0) (0.0, 18.0)
(0.0, 18.0) (1.03, 20.82)
(0.0, 18.0) (0.0, 21.0)
(0.0, 12.0) (-1.03, 14.82)
(-1.03, 14.82) (-2.95, 17.12)
(-1.03, 14.82) (-2.05, 17.64)
(-2.05, 17.64) (-2.05, 20.64)
(-2.05, 17.64) (-3.08, 20.46)
(-2.05, 17.64) (-3.98, 19.94)
(-3.98, 19.94) (-6.58, 21.44)
(-3.98, 19.94) (-5.91, 22.23)
(-5.91, 22.23) (-6.93, 25.05)
(-5.91, 22.23) (-7.84, 24.53)
(-2.05, 17.64) (-3.08, 20.46)
(-3.08, 20.46) (-5.01, 22.76)
(-3.08, 20.46) (-4.1, 23.28)
(-4.1, 23.28) (-4.1, 26.28)
(-4.1, 23.28) (-5.13, 26.1)
(-4.1, 23.28) (-4.1, 26.28)
(-4.1, 26.28) (-5.13, 29.1)
(-4.1, 26.28) (-4.1, 29.28)
(-4.1, 29.28) (-3.08, 32.1)
(-4.1, 29.28) (-4.1, 32.28)
(-4.1, 23.28) (-5.13, 26.1)
(-5.13, 26.1) (-7.06, 28.39)
(-5.13, 26.1) (-6.16, 28.91)
(-6.16, 28.91) (-6.16, 31.91)
(-6.16, 28.91) (-7.18, 31.73)
(0.0, 12.0) (0.0, 15.0)
(0.0, 15.0) (-1.03, 17.82)
(0.0, 15.0) (0.0, 18.0)
(0.0, 18.0) (1.03, 20.82)
(0.0, 18.0) (0.0, 21.0)
(0.0, 18.0) (-1.03, 20.82)
(-1.03, 20.82) (-2.95, 23.12)
(-1.03, 20.82) (-2.05, 23.64)
(-2.05, 23.64) (-2.05, 26.64)
(-2.05, 23.64) (-3.08, 26.46)
(0.0, 18.0) (0.0, 21.0)
(0.0, 21.0) (-1.03, 23.82)
(0.0, 21.0) (0.0, 24.0)
(0.0, 24.0) (1.03, 26.82)
(0.0, 24.0) (0.0, 27.0)
(0.0, 24.0) (1.03, 26.82)
(1.03, 26.82) (1.03, 29.82)
(1.03, 26.82) (2.05, 29.64)
(2.05, 29.64) (3.98, 31.94)
(2.05, 29.64) (3.08, 32.46)
(0.0, 24.0) (0.0, 27.0)
(0.0, 27.0) (-1.03, 29.82)
(0.0, 27.0) (0.0, 30.0)
(0.0, 30.0) (1.03, 32.82)
(0.0, 30.0) (0.0, 33.0)
(0.0, 24.0) (1.03, 26.82)
(1.03, 26.82) (1.03, 29.82)
(1.03, 26.82) (2.05, 29.64)
(2.05, 29.64) (3.98, 31.94)
(2.05, 29.64) (3.08, 32.46)
(2.05, 29.64) (2.05, 32.64)
(2.05, 32.64) (1.03, 35.46)
(2.05, 32.64) (2.05, 35.64)
(2.05, 35.64) (3.08, 38.46)
(2.05, 35.64) (2.05, 38.64)
(2.05, 29.64) (3.08, 32.46)
(3.08, 32.46) (3.08, 35.46)
(3.08, 32.46) (4.1, 35.28)
(4.1, 35.28) (6.03, 37.57)
(4.1, 35.28) (5.13, 38.1)
(4.1, 35.28) (6.03, 37.57)
(6.03, 37.57) (7.06, 40.39)
(6.03, 37.57) (7.96, 39.87)
(7.96, 39.87) (10.56, 41.37)
(7.96, 39.87) (9.89, 42.17)
(4.1, 35.28) (5.13, 38.1)
(5.13, 38.1) (5.13, 41.1)
(5.13, 38.1) (6.16, 40.91)
(6.16, 40.91) (8.08, 43.21)
(6.16, 40.91) (7.18, 43.73)
(0.0, 24.0) (0.0, 27.0)
(0.0, 27.0) (-1.03, 29.82)
(0.0, 27.0) (0.0, 30.0)
(0.0, 30.0) (1.03, 32.82)
(0.0, 30.0) (0.0, 33.0)
(0.0, 30.0) (-1.03, 32.82)
(-1.03, 32.82) (-2.95, 35.12)
(-1.03, 32.82) (-2.05, 35.64)
(-2.05, 35.64) (-2.05, 38.64)
(-2.05, 35.64) (-3.08, 38.46)
(0.0, 30.0) (0.0, 33.0)
(0.0, 33.0) (-1.03, 35.82)
(0.0, 33.0) (0.0, 36.0)
(0.0, 36.0) (1.03, 38.82)
(0.0, 36.0) (0.0, 39.0)
(0.0, 36.0) (1.03, 38.82)
(1.03, 38.82) (1.03, 41.82)
(1.03, 38.82) (2.05, 41.64)
(2.05, 41.64) (3.98, 43.94)
(2.05, 41.64) (3.08, 44.46)
(0.0, 36.0) (0.0, 39.0)
(0.0, 39.0) (-1.03, 41.82)
(0.0, 39.0) (0.0, 42.0)
(0.0, 42.0) (1.03, 44.82)
(0.0, 42.0) (0.0, 45.0)
(0.0, 24.0) (-1.03, 26.82)
(-1.03, 26.82) (-2.95, 29.12)
(-1.03, 26.82) (-2.05, 29.64)
(-2.05, 29.64) (-2.05, 32.64)
(-2.05, 29.64) (-3.08, 32.46)
(-2.05, 29.64) (-3.98, 31.94)
(-3.98, 31.94) (-6.58, 33.44)
(-3.98, 31.94) (-5.91, 34.23)
(-5.91, 34.23) (-6.93, 37.05)
(-5.91, 34.23) (-7.84, 36.53)
(-2.05, 29.64) (-3.08, 32.46)
(-3.08, 32.46) (-5.01, 34.76)
(-3.08, 32.46) (-4.1, 35.28)
(-4.1, 35.28) (-4.1, 38.28)
(-4.1, 35.28) (-5.13, 38.1)
(-4.1, 35.28) (-4.1, 38.28)
(-4.1, 38.28) (-5.13, 41.1)
(-4.1, 38.28) (-4.1, 41.28)
(-4.1, 41.28) (-3.08, 44.1)
(-4.1, 41.28) (-4.1, 44.28)
(-4.1, 35.28) (-5.13, 38.1)
(-5.13, 38.1) (-7.06, 40.39)
(-5.13, 38.1) (-6.16, 40.91)
(-6.16, 40.91) (-6.16, 43.91)
(-6.16, 40.91) (-7.18, 43.73)
(-4.1, 35.28) (-6.03, 37.57)
(-6.03, 37.57) (-8.63, 39.07)
(-6.03, 37.57) (-7.96, 39.87)
(-7.96, 39.87) (-8.99, 42.69)
(-7.96, 39.87) (-9.89, 42.17)
(-7.96, 39.87) (-10.56, 41.37)
(-10.56, 41.37) (-13.51, 41.89)
(-10.56, 41.37) (-13.16, 42.87)
(-13.16, 42.87) (-15.09, 45.17)
(-13.16, 42.87) (-15.76, 44.37)
(-7.96, 39.87) (-9.89, 42.17)
(-9.89, 42.17) (-12.49, 43.67)
(-9.89, 42.17) (-11.82, 44.47)
(-11.82, 44.47) (-12.84, 47.29)
(-11.82, 44.47) (-13.75, 46.77)
(-11.82, 44.47) (-12.84, 47.29)
(-12.84, 47.29) (-14.77, 49.59)
(-12.84, 47.29) (-13.87, 50.11)
(-13.87, 50.11) (-13.87, 53.11)
(-13.87, 50.11) (-14.9, 52.93)
(-11.82, 44.47) (-13.75, 46.77)
(-13.75, 46.77) (-16.34, 48.27)
(-13.75, 46.77) (-15.67, 49.07)
(-15.67, 49.07) (-16.7, 51.88)
(-15.67, 49.07) (-17.6, 51.36)
(-4.1, 35.28) (-5.13, 38.1)
(-5.13, 38.1) (-7.06, 40.39)
(-5.13, 38.1) (-6.16, 40.91)
(-6.16, 40.91) (-6.16, 43.91)
(-6.16, 40.91) (-7.18, 43.73)
(-6.16, 40.91) (-8.08, 43.21)
(-8.08, 43.21) (-10.68, 44.71)
(-8.08, 43.21) (-10.01, 45.51)
(-10.01, 45.51) (-11.04, 48.33)
(-10.01, 45.51) (-11.94, 47.81)
(-6.16, 40.91) (-7.18, 43.73)
(-7.18, 43.73) (-9.11, 46.03)
(-7.18, 43.73) (-8.21, 46.55)
(-8.21, 46.55) (-8.21, 49.55)
(-8.21, 46.55) (-9.23, 49.37)
(-8.21, 46.55) (-8.21, 49.55)
(-8.21, 49.55) (-9.23, 52.37)
(-8.21, 49.55) (-8.21, 52.55)
(-8.21, 52.55) (-7.18, 55.37)
(-8.21, 52.55) (-8.21, 55.55)
(-8.21, 46.55) (-9.23, 49.37)
(-9.23, 49.37) (-11.16, 51.67)
(-9.23, 49.37) (-10.26, 52.19)
(-10.26, 52.19) (-10.26, 55.19)
(-10.26, 52.19) (-11.29, 55.01)
(-8.21, 46.55) (-8.21, 49.55)
(-8.21, 49.55) (-9.23, 52.37)
(-8.21, 49.55) (-8.21, 52.55)
(-8.21, 52.55) (-7.18, 55.37)
(-8.21, 52.55) (-8.21, 55.55)
(-8.21, 52.55) (-9.23, 55.37)
(-9.23, 55.37) (-11.16, 57.67)
(-9.23, 55.37) (-10.26, 58.19)
(-10.26, 58.19) (-10.26, 61.19)
(-10.26, 58.19) (-11.29, 61.01)
(-8.21, 52.55) (-8.21, 55.55)
(-8.21, 55.55) (-9.23, 58.37)
(-8.21, 55.55) (-8.21, 58.55)
(-8.21, 58.55) (-7.18, 61.37)
(-8.21, 58.55) (-8.21, 61.55)
(-8.21, 58.55) (-7.18, 61.37)
(-7.18, 61.37) (-7.18, 64.37)
(-7.18, 61.37) (-6.16, 64.19)
(-6.16, 64.19) (-4.23, 66.49)
(-6.16, 64.19) (-5.13, 67.01)
(-8.21, 58.55) (-8.21, 61.55)
(-8.21, 61.55) (-9.23, 64.37)
(-8.21, 61.55) (-8.21, 64.55)
(-8.21, 64.55) (-7.18, 67.37)
(-8.21, 64.55) (-8.21, 67.55)
(-8.21, 46.55) (-9.23, 49.37)
(-9.23, 49.37) (-11.16, 51.67)
(-9.23, 49.37) (-10.26, 52.19)
(-10.26, 52.19) (-10.26, 55.19)
(-10.26, 52.19) (-11.29, 55.01)
(-10.26, 52.19) (-12.19, 54.49)
(-12.19, 54.49) (-14.79, 55.99)
(-12.19, 54.49) (-14.12, 56.79)
(-14.12, 56.79) (-15.14, 59.61)
(-14.12, 56.79) (-16.05, 59.09)
(-10.26, 52.19) (-11.29, 55.01)
(-11.29, 55.01) (-13.22, 57.31)
(-11.29, 55.01) (-12.31, 57.83)
(-12.31, 57.83) (-12.31, 60.83)
(-12.31, 57.83) (-13.34, 60.65)
(-12.31, 57.83) (-12.31, 60.83)
(-12.31, 60.83) (-13.34, 63.65)
(-12.31, 60.83) (-12.31, 63.83)
(-12.31, 63.83) (-11.29, 66.65)
(-12.31, 63.83) (-12.31, 66.83)
(-12.31, 57.83) (-13.34, 60.65)
(-13.34, 60.65) (-15.27, 62.95)
(-13.34, 60.65) (-14.36, 63.47)
(-14.36, 63.47) (-14.36, 66.47)
(-14.36, 63.47) (-15.39, 66.29)
(0.0, 24.0) (0.0, 27.0)
(0.0, 27.0) (-1.03, 29.82)
(0.0, 27.0) (0.0, 30.0)
(0.0, 30.0) (1.03, 32.82)
(0.0, 30.0) (0.0, 33.0)
(0.0, 30.0) (-1.03, 32.82)
(-1.03, 32.82) (-2.95, 35.12)
(-1.03, 32.82) (-2.05, 35.64)
(-2.05, 35.64) (-2.05, 38.64)
(-2.05, 35.64) (-3.08, 38.46)
(0.0, 30.0) (0.0, 33.0)
(0.0, 33.0) (-1.03, 35.82)
(0.0, 33.0) (0.0, 36.0)
(0.0, 36.0) (1.03, 38.82)
(0.0, 36.0) (0.0, 39.0)
(0.0, 36.0) (1.03, 38.82)
(1.03, 38.82) (1.03, 41.82)
(1.03, 38.82) (2.05, 41.64)
(2.05, 41.64) (3.98, 43.94)
(2.05, 41.64) (3.08, 44.46)
(0.0, 36.0) (0.0, 39.0)
(0.0, 39.0) (-1.03, 41.82)
(0.0, 39.0) (0.0, 42.0)
(0.0, 42.0) (1.03, 44.82)
(0.0, 42.0) (0.0, 45.0)
(0.0, 36.0) (-1.03, 38.82)
(-1.03, 38.82) (-2.95, 41.12)
(-1.03, 38.82) (-2.05, 41.64)
(-2.05, 41.64) (-2.05, 44.64)
(-2.05, 41.64) (-3.08, 44.46)
(-2.05, 41.64) (-3.98, 43.94)
(-3.98, 43.94) (-6.58, 45.44)
(-3.98, 43.94) (-5.91, 46.23)
(-5.91, 46.23) (-6.93, 49.05)
(-5.91, 46.23) (-7.84, 48.53)
(-2.05, 41.64) (-3.08, 44.46)
(-3.08, 44.46) (-5.01, 46.76)
(-3.08, 44.46) (-4.1, 47.28)
(-4.1, 47.28) (-4.1, 50.28)
(-4.1, 47.28) (-5.13, 50.1)
(-4.1, 47.28) (-4.1, 50.28)
(-4.1, 50.28) (-5.13, 53.1)
(-4.1, 50.28) (-4.1, 53.28)
(-4.1, 53.28) (-3.08, 56.1)
(-4.1, 53.28) (-4.1, 56.28)
(-4.1, 47.28) (-5.13, 50.1)
(-5.13, 50.1) (-7.06, 52.39)
(-5.13, 50.1) (-6.16, 52.91)
(-6.16, 52.91) (-6.16, 55.91)
(-6.16, 52.91) (-7.18, 55.73)
(0.0, 36.0) (0.0, 39.0)
(0.0, 39.0) (-1.03, 41.82)
(0.0, 39.0) (0.0, 42.0)
(0.0, 42.0) (1.03, 44.82)
(0.0, 42.0) (0.0, 45.0)
(0.0, 42.0) (-1.03, 44.82)
(-1.03, 44.82) (-2.95, 47.12)
(-1.03, 44.82) (-2.05, 47.64)
(-2.05, 47.64) (-2.05, 50.64)
(-2.05, 47.64) (-3.08, 50.46)
(0.0, 42.0) (0.0, 45.0)
(0.0, 45.0) (-1.03, 47.82)
(0.0, 45.0) (0.0, 48.0)
(0.0, 48.0) (1.03, 50.82)
(0.0, 48.0) (0.0, 51.0)
(0.0, 48.0) (1.03, 50.82)
(1.03, 50.82) (1.03, 53.82)
(1.03, 50.82) (2.05, 53.64)
(2.05, 53.64) (3.98, 55.94)
(2.05, 53.64) (3.08, 56.46)
(0.0, 48.0) (0.0, 51.0)
(0.0, 51.0) (-1.03, 53.82)
(0.0, 51.0) (0.0, 54.0)
(0.0, 54.0) (1.03, 56.82)
(0.0, 54.0) (0.0, 57.0)
(0.0, 48.0) (1.03, 50.82)
(1.03, 50.82) (1.03, 53.82)
(1.03, 50.82) (2.05, 53.64)
(2.05, 53.64) (3.98, 55.94)
(2.05, 53.64) (3.08, 56.46)
(2.05, 53.64) (2.05, 56.64)
(2.05, 56.64) (1.03, 59.46)
(2.05, 56.64) (2.05, 59.64)
(2.05, 59.64) (3.08, 62.46)
(2.05, 59.64) (2.05, 62.64)
(2.05, 53.64) (3.08, 56.46)
(3.08, 56.46) (3.08, 59.46)
(3.08, 56.46) (4.1, 59.28)
(4.1, 59.28) (6.03, 61.57)
(4.1, 59.28) (5.13, 62.1)
(4.1, 59.28) (6.03, 61.57)
(6.03, 61.57) (7.06, 64.39)
(6.03, 61.57) (7.96, 63.87)
(7.96, 63.87) (10.56, 65.37)
(7.96, 63.87) (9.89, 66.17)
(4.1, 59.28) (5.13, 62.1)
(5.13, 62.1) (5.13, 65.1)
(5.13, 62.1) (6.16, 64.91)
(6.16, 64.91) (8.08, 67.21)
(6.16, 64.91) (7.18, 67.73)
(0.0, 48.0) (0.0, 51.0)
(0.0, 51.0) (-1.03, 53.82)
(0.0, 51.0) (0.0, 54.0)
(0.0, 54.0) (1.03, 56.82)
(0.0, 54.0) (0.0, 57.0)
(0.0, 54.0) (-1.03, 56.82)
(-1.03, 56.82) (-2.95, 59.12)
(-1.03, 56.82) (-2.05, 59.64)
(-2.05, 59.64) (-2.05, 62.64)
(-2.05, 59.64) (-3.08, 62.46)
(0.0, 54.0) (0.0, 57.0)
(0.0, 57.0) (-1.03, 59.82)
(0.0, 57.0) (0.0, 60.0)
(0.0, 60.0) (1.03, 62.82)
(0.0, 60.0) (0.0, 63.0)
(0.0, 60.0) (1.03, 62.82)
(1.03, 62.82) (1.03, 65.82)
(1.03, 62.82) (2.05, 65.64)
(2.05, 65.64) (3.98, 67.94)
(2.05, 65.64) (3.08, 68.46)
(0.0, 60.0) (0.0, 63.0)
(0.0, 63.0) (-1.03, 65.82)
(0.0, 63.0) (0.0, 66.0)
(0.0, 66.0) (1.03, 68.82)
(0.0, 66.0) (0.0, 69.0)
(0.0, 48.0) (1.03, 50.82)
(1.03, 50.82) (1.03, 53.82)
(1.03, 50.82) (2.05, 53.64)
(2.05, 53.64) (3.98, 55.94)
(2.05, 53.64) (3.08, 56.46)
(2.05, 53.64) (2.05, 56.64)
(2.05, 56.64) (1.03, 59.46)
(2.05, 56.64) (2.05, 59.64)
(2.05, 59.64) (3.08, 62.46)
(2.05, 59.64) (2.05, 62.64)
(2.05, 53.64) (3.08, 56.46)
(3.08, 56.46) (3.08, 59.46)
(3.08, 56.46) (4.1, 59.28)
(4.1, 59.28) (6.03, 61.57)
(4.1, 59.28) (5.13, 62.1)
(4.1, 59.28) (6.03, 61.57)
(6.03, 61.57) (7.06, 64.39)
(6.03, 61.57) (7.96, 63.87)
(7.96, 63.87) (10.56, 65.37)
(7.96, 63.87) (9.89, 66.17)
(4.1, 59.28) (5.13, 62.1)
(5.13, 62.1) (5.13, 65.1)
(5.13, 62.1) (6.16, 64.91)
(6.16, 64.91) (8.08, 67.21)
(6.16, 64.91) (7.18, 67.73)
(4.1, 59.28) (4.1, 62.28)
(4.1, 62.28) (3.08, 65.1)
(4.1, 62.28) (4.1, 65.28)
(4.1, 65.28) (5.13, 68.1)
(4.1, 65.28) (4.1, 68.28)
(4.1, 65.28) (3.08, 68.1)
(3.08, 68.1) (1.15, 70.39)
(3.08, 68.1) (2.05, 70.91)
(2.05, 70.91) (2.05, 73.91)
(2.05, 70.91) (1.03, 73.73)
(4.1, 65.28) (4.1, 68.28)
(4.1, 68.28) (3.08, 71.1)
(4.1, 68.28) (4.1, 71.28)
(4.1, 71.28) (5.13, 74.1)
(4.1, 71.28) (4.1, 74.28)
(4.1, 71.28) (5.13, 74.1)
(5.13, 74.1) (5.13, 77.1)
(5.13, 74.1) (6.16, 76.91)
(6.16, 76.91) (8.08, 79.21)
(6.16, 76.91) (7.18, 79.73)
(4.1, 71.28) (4.1, 74.28)
(4.1, 74.28) (3.08, 77.1)
(4.1, 74.28) (4.1, 77.28)
(4.1, 77.28) (5.13, 80.1)
(4.1, 77.28) (4.1, 80.28)
(4.1, 59.28) (5.13, 62.1)
(5.13, 62.1) (5.13, 65.1)
(5.13, 62.1) (6.16, 64.91)
(6.16, 64.91) (8.08, 67.21)
(6.16, 64.91) (7.18, 67.73)
(6.16, 64.91) (6.16, 67.91)
(6.16, 67.91) (5.13, 70.73)
(6.16, 67.91) (6.16, 70.91)
(6.16, 70.91) (7.18, 73.73)
(6.16, 70.91) (6.16, 73.91)
(6.16, 64.91) (7.18, 67.73)
(7.18, 67.73) (7.18, 70.73)
(7.18, 67.73) (8.21, 70.55)
(8.21, 70.55) (10.14, 72.85)
(8.21, 70.55) (9.23, 73.37)
(8.21, 70.55) (10.14, 72.85)
(10.14, 72.85) (11.16, 75.67)
(10.14, 72.85) (12.07, 75.15)
(12.07, 75.15) (14.66, 76.65)
(12.07, 75.15) (13.99, 77.45)
(8.21, 70.55) (9.23, 73.37)
(9.23, 73.37) (9.23, 76.37)
(9.23, 73.37) (10.26, 76.19)
(10.26, 76.19) (12.19, 78.49)
(10.26, 76.19) (11.29, 79.01)
(8.21, 70.55) (10.14, 72.85)
(10.14, 72.85) (11.16, 75.67)
(10.14, 72.85) (12.07, 75.15)
(12.07, 75.15) (14.66, 76.65)
(12.07, 75.15) (13.99, 77.45)
(12.07, 75.15) (13.09, 77.97)
(13.09, 77.97) (13.09, 80.97)
(13.09, 77.97) (14.12, 80.79)
(14.12, 80.79) (16.05, 83.09)
(14.12, 80.79) (15.14, 83.61)
(12.07, 75.15) (13.99, 77.45)
(13.99, 77.45) (15.02, 80.27)
(13.99, 77.45) (15.92, 79.75)
(15.92, 79.75) (18.52, 81.25)
(15.92, 79.75) (17.85, 82.04)
(15.92, 79.75) (18.52, 81.25)
(18.52, 81.25) (20.45, 83.54)
(18.52, 81.25) (21.12, 82.75)
(21.12, 82.75) (24.07, 83.27)
(21.12, 82.75) (23.72, 84.25)
(15.92, 79.75) (17.85, 82.04)
(17.85, 82.04) (18.88, 84.86)
(17.85, 82.04) (19.78, 84.34)
(19.78, 84.34) (22.38, 85.84)
(19.78, 84.34) (21.71, 86.64)
(8.21, 70.55) (9.23, 73.37)
(9.23, 73.37) (9.23, 76.37)
(9.23, 73.37) (10.26, 76.19)
(10.26, 76.19) (12.19, 78.49)
(10.26, 76.19) (11.29, 79.01)
(10.26, 76.19) (10.26, 79.19)
(10.26, 79.19) (9.23, 82.01)
(10.26, 79.19) (10.26, 82.19)
(10.26, 82.19) (11.29, 85.01)
(10.26, 82.19) (10.26, 85.19)
(10.26, 76.19) (11.29, 79.01)
(11.29, 79.01) (11.29, 82.01)
(11.29, 79.01) (12.31, 81.83)
(12.31, 81.83) (14.24, 84.13)
(12.31, 81.83) (13.34, 84.65)
(12.31, 81.83) (14.24, 84.13)
(14.24, 84.13) (15.27, 86.95)
(14.24, 84.13) (16.17, 86.43)
(16.17, 86.43) (18.77, 87.93)
(16.17, 86.43) (18.1, 88.72)
(12.31, 81.83) (13.34, 84.65)
(13.34, 84.65) (13.34, 87.65)
(13.34, 84.65) (14.36, 87.47)
(14.36, 87.47) (16.29, 89.77)
(14.36, 87.47) (15.39, 90.29)
(0.0, 48.0) (0.0, 51.0)
(0.0, 51.0) (-1.03, 53.82)
(0.0, 51.0) (0.0, 54.0)
(0.0, 54.0) (1.03, 56.82)
(0.0, 54.0) (0.0, 57.0)
(0.0, 54.0) (-1.03, 56.82)
(-1.03, 56.82) (-2.95, 59.12)
(-1.03, 56.82) (-2.05, 59.64)
(-2.05, 59.64) (-2.05, 62.64)
(-2.05, 59.64) (-3.08, 62.46)
(0.0, 54.0) (0.0, 57.0)
(0.0, 57.0) (-1.03, 59.82)
(0.0, 57.0) (0.0, 60.0)
(0.0, 60.0) (1.03, 62.82)
(0.0, 60.0) (0.0, 63.0)
(0.0, 60.0) (1.03, 62.82)
(1.03, 62.82) (1.03, 65.82)
(1.03, 62.82) (2.05, 65.64)
(2.05, 65.64) (3.98, 67.94)
(2.05, 65.64) (3.08, 68.46)
(0.0, 60.0) (0.0, 63.0)
(0.0, 63.0) (-1.03, 65.82)
(0.0, 63.0) (0.0, 66.0)
(0.0, 66.0) (1.03, 68.82)
(0.0, 66.0) (0.0, 69.0)
(0.0, 60.0) (-1.03, 62.82)
(-1.03, 62.82) (-2.95, 65.12)
(-1.03, 62.82) (-2.05, 65.64)
(-2.05, 65.64) (-2.05, 68.64)
(-2.05, 65.64) (-3.08, 68.46)
(-2.05, 65.64) (-3.98, 67.94)
(-3.98, 67.94) (-6.58, 69.44)
(-3.98, 67.94) (-5.91, 70.23)
(-5.91, 70.23) (-6.93, 73.05)
(-5.91, 70.23) (-7.84, 72.53)
(-2.05, 65.64) (-3.08, 68.46)
(-3.08, 68.46) (-5.01, 70.76)
(-3.08, 68.46) (-4.1, 71.28)
(-4.1, 71.28) (-4.1, 74.28)
(-4.1, 71.28) (-5.13, 74.1)
(-4.1, 71.28) (-4.1, 74.28)
(-4.1, 74.28) (-5.13, 77.1)
(-4.1, 74.28) (-4.1, 77.28)
(-4.1, 77.28) (-3.08, 80.1)
(-4.1, 77.28) (-4.1, 80.28)
(-4.1, 71.28) (-5.13, 74.1)
(-5.13, 74.1) (-7.06, 76.39)
(-5.13, 74.1) (-6.16, 76.91)
(-6.16, 76.91) (-6.16, 79.91)
(-6.16, 76.91) (-7.18, 79.73)
(0.0, 60.0) (0.0, 63.0)
(0.0, 63.0) (-1.03, 65.82)
(0.0, 63.0) (0.0, 66.0)
(0.0, 66.0) (1.03, 68.82)
(0.0, 66.0) (0.0, 69.0)
(0.0, 66.0) (-1.03, 68.82)
(-1.03, 68.82) (-2.95, 71.12)
(-1.03, 68.82) (-2.05, 71.64)
(-2.05, 71.64) (-2.05, 74.64)
(-2.05, 71.64) (-3.08, 74.46)
(0.0, 66.0) (0.0, 69.0)
(0.0, 69.0) (-1.03, 71.82)
(0.0, 69.0) (0.0, 72.0)
(0.0, 72.0) (1.03, 74.82)
(0.0, 72.0) (0.0, 75.0)
(0.0, 72.0) (1.03, 74.82)
(1.03, 74.82) (1.03, 77.82)
(1.03, 74.82) (2.05, 77.64)
(2.05, 77.64) (3.98, 79.94)
(2.05, 77.64) (3.08, 80.46)
(0.0, 72.0) (0.0, 75.0)
(0.0, 75.0) (-1.03, 77.82)
(0.0, 75.0) (0.0, 78.0)
(0.0, 78.0) (1.03, 80.82)
(0.0, 78.0) (0.0, 81.0)
(0.0, 72.0) (1.03, 74.82)
(1.03, 74.82) (1.03, 77.82)
(1.03, 74.82) (2.05, 77.64)
(2.05, 77.64) (3.98, 79.94)
(2.05, 77.64) (3.08, 80.46)
(2.05, 77.64) (2.05, 80.64)
(2.05, 80.64) (1.03, 83.46)
(2.05, 80.64) (2.05, 83.64)
(2.05, 83.64) (3.08, 86.46)
(2.05, 83.64) (2.05, 86.64)
(2.05, 77.64) (3.08, 80.46)
(3.08, 80.46) (3.08, 83.46)
(3.08, 80.46) (4.1, 83.28)
(4.1, 83.28) (6.03, 85.57)
(4.1, 83.28) (5.13, 86.1)
(4.1, 83.28) (6.03, 85.57)
(6.03, 85.57) (7.06, 88.39)
(6.03, 85.57) (7.96, 87.87)
(7.96, 87.87) (10.56, 89.37)
(7.96, 87.87) (9.89, 90.17)
(4.1, 83.28) (5.13, 86.1)
(5.13, 86.1) (5.13, 89.1)
(5.13, 86.1) (6.16, 88.91)
(6.16, 88.91) (8.08, 91.21)
(6.16, 88.91) (7.18, 91.73)
(0.0, 72.0) (0.0, 75.0)
(0.0, 75.0) (-1.03, 77.82)
(0.0, 75.0) (0.0, 78.0)
(0.0, 78.0) (1.03, 80.82)
(0.0, 78.0) (0.0, 81.0)
(0.0, 78.0) (-1.03, 80.82)
(-1.03, 80.82) (-2.95, 83.12)
(-1.03, 80.82) (-2.05, 83.64)
(-2.05, 83.64) (-2.05, 86.64)
(-2.05, 83.64) (-3.08, 86.46)
(0.0, 78.0) (0.0, 81.0)
(0.0, 81.0) (-1.03, 83.82)
(0.0, 81.0) (0.0, 84.0)
(0.0, 84.0) (1.03, 86.82)
(0.0, 84.0) (0.0, 87.0)
(0.0, 84.0) (1.03, 86.82)
(1.03, 86.82) (1.03, 89.82)
(1.03, 86.82) (2.05, 89.64)
(2.05, 89.64) (3.98, 91.94)
(2.05, 89.64) (3.08, 92.46)
(0.0, 84.0) (0.0, 87.0)
(0.0, 87.0) (-1.03, 89.82)
(0.0, 87.0) (0.0, 90.0)
(0.0, 90.0) (1.03, 92.82)
(0.0, 90.0) (0.0, 93.0)
(0.0, 48.0) (-1.03, 50.82)
(-1.03, 50.82) (-2.95, 53.12)
(-1.03, 50.82) (-2.05, 53.64)
(-2.05, 53.64) (-2.05, 56.64)
(-2.05, 53.64) (-3.08, 56.46)
(-2.05, 53.64) (-3.98, 55.94)
(-3.98, 55.94) (-6.58, 57.44)
(-3.98, 55.94) (-5.91, 58.23)
(-5.91, 58.23) (-6.93, 61.05)
(-5.91, 58.23) (-7.84, 60.53)
(-2.05, 53.64) (-3.08, 56.46)
(-3.08, 56.46) (-5.01, 58.76)
(-3.08, 56.46) (-4.1, 59.28)
(-4.1, 59.28) (-4.1, 62.28)
(-4.1, 59.28) (-5.13, 62.1)
(-4.1, 59.28) (-4.1, 62.28)
(-4.1, 62.28) (-5.13, 65.1)
(-4.1, 62.28) (-4.1, 65.28)
(-4.1, 65.28) (-3.08, 68.1)
(-4.1, 65.28) (-4.1, 68.28)
(-4.1, 59.28) (-5.13, 62.1)
(-5.13, 62.1) (-7.06, 64.39)
(-5.13, 62.1) (-6.16, 64.91)
(-6.16, 64.91) (-6.16, 67.91)
(-6.16, 64.91) (-7.18, 67.73)
(-4.1, 59.28) (-6.03, 61.57)
(-6.03, 61.57) (-8.63, 63.07)
(-6.03, 61.57) (-7.96, 63.87)
(-7.96, 63.87) (-8.99, 66.69)
(-7.96, 63.87) (-9.89, 66.17)
(-7.96, 63.87) (-10.56, 65.37)
(-10.56, 65.37) (-13.51, 65.89)
(-10.56, 65.37) (-13.16, 66.87)
(-13.16, 66.87) (-15.09, 69.17)
(-13.16, 66.87) (-15.76, 68.37)
(-7.96, 63.87) (-9.89, 66.17)
(-9.89, 66.17) (-12.49, 67.67)
(-9.89, 66.17) (-11.82, 68.47)
(-11.82, 68.47) (-12.84, 71.29)
(-11.82, 68.47) (-13.75, 70.77)
(-11.82, 68.47) (-12.84, 71.29)
(-12.84, 71.29) (-14.77, 73.59)
(-12.84, 71.29) (-13.87, 74.11)
(-13.87, 74.11) (-13.87, 77.11)
(-13.87, 74.11) (-14.9, 76.93)
(-11.82, 68.47) (-13.75, 70.77)
(-13.75, 70.77) (-16.34, 72.27)
(-13.75, 70.77) (-15.67, 73.07)
(-15.67, 73.07) (-16.7, 75.88)
(-15.67, 73.07) (-17.6, 75.36)
(-4.1, 59.28) (-5.13, 62.1)
(-5.13, 62.1) (-7.06, 64.39)
(-5.13, 62.1) (-6.16, 64.91)
(-6.16, 64.91) (-6.16, 67.91)
(-6.16, 64.91) (-7.18, 67.73)
(-6.16, 64.91) (-8.08, 67.21)
(-8.08, 67.21) (-10.68, 68.71)
(-8.08, 67.21) (-10.01, 69.51)
(-10.01, 69.51) (-11.04, 72.33)
(-10.01, 69.51) (-11.94, 71.81)
(-6.16, 64.91) (-7.18, 67.73)
(-7.18, 67.73) (-9.11, 70.03)
(-7.18, 67.73) (-8.21, 70.55)
(-8.21, 70.55) (-8.21, 73.55)
(-8.21, 70.55) (-9.23, 73.37)
(-8.21, 70.55) (-8.21, 73.55)
(-8.21, 73.55) (-9.23, 76.37)
(-8.21, 73.55) (-8.21, 76.55)
(-8.21, 76.55) (-7.18, 79.37)
(-8.21, 76.55) (-8.21, 79.55)
(-8.21, 70.55) (-9.23, 73.37)
(-9.23, 73.37) (-11.16, 75.67)
(-9.23, 73.37) (-10.26, 76.19)
(-10.26, 76.19) (-10.26, 79.19)
(-10.26, 76.19) (-11.29, 79.01)
(-8.21, 70.55) (-8.21, 73.55)
(-8.21, 73.55) (-9.23, 76.37)
(-8.21, 73.55) (-8.21, 76.55)
(-8.21, 76.55) (-7.18, 79.37)
(-8.21, 76.55) (-8.21, 79.55)
(-8.21, 76.55) (-9.23, 79.37)
(-9.23, 79.37) (-11.16, 81.67)
(-9.23, 79.37) (-10.26, 82.19)
(-10.26, 82.19) (-10.26, 85.19)
(-10.26, 82.19) (-11.29, 85.01)
(-8.21, 76.55) (-8.21, 79.55)
(-8.21, 79.55) (-9.23, 82.37)
(-8.21, 79.55) (-8.21, 82.55)
(-8.21, 82.55) (-7.18, 85.37)
(-8.21, 82.55) (-8.21, 85.55)
(-8.21, 82.55) (-7.18, 85.37)
(-7.18, 85.37) (-7.18, 88.37)
(-7.18, 85.37) (-6.16, 88.19)
(-6.16, 88.19) (-4.23, 90.49)
(-6.16, 88.19) (-5.13, 91.01)
(-8.21, 82.55) (-8.21, 85.55)
(-8.21, 85.55) (-9.23, 88.37)
(-8.21, 85.55) (-8.21, 88.55)
(-8.21, 88.55) (-7.18, 91.37)
(-8.21, 88.55) (-8.21, 91.55)
(-8.21, 70.55) (-9.23, 73.37)
(-9.23, 73.37) (-11.16, 75.67)
(-9.23, 73.37) (-10.26, 76.19)
(-10.26, 76.19) (-10.26, 79.19)
(-10.26, 76.19) (-11.29, 79.01)
(-10.26, 76.19) (-12.19, 78.49)
(-12.19, 78.49) (-14.79, 79.99)
(-12.19, 78.49) (-14.12, 80.79)
(-14.12, 80.79) (-15.14, 83.61)
(-14.12, 80.79) (-16.05, 83.09)
(-10.26, 76.19) (-11.29, 79.01)
(-11.29, 79.01) (-13.22, 81.31)
(-11.29, 79.01) (-12.31, 81.83)
(-12.31, 81.83) (-12.31, 84.83)
(-12.31, 81.83) (-13.34, 84.65)
(-12.31, 81.83) (-12.31, 84.83)
(-12.31, 84.83) (-13.34, 87.65)
(-12.31, 84.83) (-12.31, 87.83)
(-12.31, 87.83) (-11.29, 90.65)
(-12.31, 87.83) (-12.31, 90.83)
(-12.31, 81.83) (-13.34, 84.65)
(-13.34, 84.65) (-15.27, 86.95)
(-13.34, 84.65) (-14.36, 87.47)
(-14.36, 87.47) (-14.36, 90.47)
(-14.36, 87.47) (-15.39, 90.29)
(-8.21, 70.55) (-10.14, 72.85)
(-10.14, 72.85) (-12.73, 74.35)
(-10.14, 72.85) (-12.07, 75.15)
(-12.07, 75.15) (-13.09, 77.97)
(-12.07, 75.15) (-13.99, 77.45)
(-12.07, 75.15) (-14.66, 76.65)
(-14.66, 76.65) (-17.62, 77.17)
(-14.66, 76.65) (-17.26, 78.15)
(-17.26, 78.15) (-19.19, 80.45)
(-17.26, 78.15) (-19.86, 79.65)
(-12.07, 75.15) (-13.99, 77.45)
(-13.99, 77.45) (-16.59, 78.95)
(-13.99, 77.45) (-15.92, 79.75)
(-15.92, 79.75) (-16.95, 82.56)
(-15.92, 79.75) (-17.85, 82.04)
(-15.92, 79.75) (-16.95, 82.56)
(-16.95, 82.56) (-18.88, 84.86)
(-16.95, 82.56) (-17.97, 85.38)
(-17.97, 85.38) (-17.97, 88.38)
(-17.97, 85.38) (-19.0, 88.2)
(-15.92, 79.75) (-17.85, 82.04)
(-17.85, 82.04) (-20.45, 83.54)
(-17.85, 82.04) (-19.78, 84.34)
(-19.78, 84.34) (-20.8, 87.16)
(-19.78, 84.34) (-21.71, 86.64)
(-15.92, 79.75) (-18.52, 81.25)
(-18.52, 81.25) (-21.47, 81.77)
(-18.52, 81.25) (-21.12, 82.75)
(-21.12, 82.75) (-23.05, 85.04)
(-21.12, 82.75) (-23.72, 84.25)
(-21.12, 82.75) (-24.07, 83.27)
(-24.07, 83.27) (-27.03, 82.75)
(-24.07, 83.27) (-27.03, 83.79)
(-27.03, 83.79) (-29.63, 85.29)
(-27.03, 83.79) (-29.98, 84.31)
(-21.12, 82.75) (-23.72, 84.25)
(-23.72, 84.25) (-26.67, 84.77)
(-23.72, 84.25) (-26.31, 85.75)
(-26.31, 85.75) (-28.24, 88.04)
(-26.31, 85.75) (-28.91, 87.25)
(-26.31, 85.75) (-28.24, 88.04)
(-28.24, 88.04) (-30.84, 89.54)
(-28.24, 88.04) (-30.17, 90.34)
(-30.17, 90.34) (-31.2, 93.16)
(-30.17, 90.34) (-32.1, 92.64)
(-26.31, 85.75) (-28.91, 87.25)
(-28.91, 87.25) (-31.87, 87.77)
(-28.91, 87.25) (-31.51, 88.75)
(-31.51, 88.75) (-33.44, 91.04)
(-31.51, 88.75) (-34.11, 90.25)
(-15.92, 79.75) (-17.85, 82.04)
(-17.85, 82.04) (-20.45, 83.54)
(-17.85, 82.04) (-19.78, 84.34)
(-19.78, 84.34) (-20.8, 87.16)
(-19.78, 84.34) (-21.71, 86.64)
(-19.78, 84.34) (-22.38, 85.84)
(-22.38, 85.84) (-25.33, 86.36)
(-22.38, 85.84) (-24.97, 87.34)
(-24.97, 87.34) (-26.9, 89.64)
(-24.97, 87.34) (-27.57, 88.84)
(-19.78, 84.34) (-21.71, 86.64)
(-21.71, 86.64) (-24.31, 88.14)
(-21.71, 86.64) (-23.64, 88.94)
(-23.64, 88.94) (-24.66, 91.76)
(-23.64, 88.94) (-25.56, 91.24)
(-23.64, 88.94) (-24.66, 91.76)
(-24.66, 91.76) (-26.59, 94.05)
(-24.66, 91.76) (-25.69, 94.58)
(-25.69, 94.58) (-25.69, 97.58)
(-25.69, 94.58) (-26.71, 97.39)
(-23.64, 88.94) (-25.56, 91.24)
(-25.56, 91.24) (-28.16, 92.74)
(-25.56, 91.24) (-27.49, 93.53)
(-27.49, 93.53) (-28.52, 96.35)
(-27.49, 93.53) (-29.42, 95.83)
(-23.64, 88.94) (-24.66, 91.76)
(-24.66, 91.76) (-26.59, 94.05)
(-24.66, 91.76) (-25.69, 94.58)
(-25.69, 94.58) (-25.69, 97.58)
(-25.69, 94.58) (-26.71, 97.39)
(-25.69, 94.58) (-27.62, 96.87)
(-27.62, 96.87) (-30.21, 98.37)
(-27.62, 96.87) (-29.54, 99.17)
(-29.54, 99.17) (-30.57, 101.99)
(-29.54, 99.17) (-31.47, 101.47)
(-25.69, 94.58) (-26.71, 97.39)
(-26.71, 97.39) (-28.64, 99.69)
(-26.71, 97.39) (-27.74, 100.21)
(-27.74, 100.21) (-27.74, 103.21)
(-27.74, 100.21) (-28.77, 103.03)
(-27.74, 100.21) (-27.74, 103.21)
(-27.74, 103.21) (-28.77, 106.03)
(-27.74, 103.21) (-27.74, 106.21)
(-27.74, 106.21) (-26.71, 109.03)
(-27.74, 106.21) (-27.74, 109.21)
(-27.74, 100.21) (-28.77, 103.03)
(-28.77, 103.03) (-30.69, 105.33)
(-28.77, 103.03) (-29.79, 105.85)
(-29.79, 105.85) (-29.79, 108.85)
(-29.79, 105.85) (-30.82, 108.67)
(-23.64, 88.94) (-25.56, 91.24)
(-25.56, 91.24) (-28.16, 92.74)
(-25.56, 91.24) (-27.49, 93.53)
(-27.49, 93.53) (-28.52, 96.35)
(-27.49, 93.53) (-29.42, 95.83)
(-27.49, 93.53) (-30.09, 95.03)
(-30.09, 95.03) (-33.04, 95.55)
(-30.09, 95.03) (-32.69, 96.53)
(-32.69, 96.53) (-34.62, 98.83)
(-32.69, 96.53) (-35.29, 98.03)
(-27.49, 93.53) (-29.42, 95.83)
(-29.42, 95.83) (-32.02, 97.33)
(-29.42, 95.83) (-31.35, 98.13)
(-31.35, 98.13) (-32.37, 100.95)
(-31.35, 98.13) (-33.28, 100.43)
(-31.35, 98.13) (-32.37, 100.95)
(-32.37, 100.95) (-34.3, 103.25)
(-32.37, 100.95) (-33.4, 103.77)
(-33.4, 103.77) (-33.4, 106.77)
(-33.4, 103.77) (-34.43, 106.59)
(-31.35, 98.13) (-33.28, 100.43)
(-33.28, 100.43) (-35.88, 101.93)
(-33.28, 100.43) (-35.21, 102.73)
(-35.21, 102.73) (-36.23, 105.55)
(-35.21, 102.73) (-37.13, 105.02)
(-8.21, 70.55) (-9.23, 73.37)
(-9.23, 73.37) (-11.16, 75.67)
(-9.23, 73.37) (-10.26, 76.19)
(-10.26, 76.19) (-10.26, 79.19)
(-10.26, 76.19) (-11.29, 79.01)
(-10.26, 76.19) (-12.19, 78.49)
(-12.19, 78.49) (-14.79, 79.99)
(-12.19, 78.49) (-14.12, 80.79)
(-14.12, 80.79) (-15.14, 83.61)
(-14.12, 80.79) (-16.05, 83.09)
(-10.26, 76.19) (-11.29, 79.01)
(-11.29, 79.01) (-13.22, 81.31)
(-11.29, 79.01) (-12.31, 81.83)
(-12.31, 81.83) (-12.31, 84.83)
(-12.31, 81.83) (-13.34, 84.65)
(-12.31, 81.83) (-12.31, 84.83)
(-12.31, 84.83) (-13.34, 87.65)
(-12.31, 84.83) (-12.31, 87.83)
(-12.31, 87.83) (-11.29, 90.65)
(-12.31, 87.83) (-12.31, 90.83)
(-12.31, 81.83) (-13.34, 84.65)
(-13.34, 84.65) (-15.27, 86.95)
(-13.34, 84.65) (-14.36, 87.47)
(-14.36, 87.47) (-14.36, 90.47)
(-14.36, 87.47) (-15.39, 90.29)
(-12.31, 81.83) (-14.24, 84.13)
(-14.24, 84.13) (-16.84, 85.63)
(-14.24, 84.13) (-16.17, 86.43)
(-16.17, 86.43) (-17.2, 89.24)
(-16.17, 86.43) (-18.1, 88.72)
(-16.17, 86.43) (-18.77, 87.93)
(-18.77, 87.93) (-21.72, 88.45)
(-18.77, 87.93) (-21.37, 89.43)
(-21.37, 89.43) (-23.29, 91.72)
(-21.37, 89.43) (-23.96, 90.93)
(-16.17, 86.43) (-18.1, 88.72)
(-18.1, 88.72) (-20.7, 90.22)
(-18.1, 88.72) (-20.03, 91.02)
(-20.03, 91.02) (-21.05, 93.84)
(-20.03, 91.02) (-21.95, 93.32)
(-20.03, 91.02) (-21.05, 93.84)
(-21.05, 93.84) (-22.98, 96.14)
(-21.05, 93.84) (-22.08, 96.66)
(-22.08, 96.66) (-22.08, 99.66)
(-22.08, 96.66) (-23.1, 99.48)
(-20.03, 91.02) (-21.95, 93.32)
(-21.95, 93.32) (-24.55, 94.82)
(-21.95, 93.32) (-23.88, 95.62)
(-23.88, 95.62) (-24.91, 98.44)
(-23.88, 95.62) (-25.81, 97.92)
(-12.31, 81.83) (-13.34, 84.65)
(-13.34, 84.65) (-15.27, 86.95)
(-13.34, 84.65) (-14.36, 87.47)
(-14.36, 87.47) (-14.36, 90.47)
(-14.36, 87.47) (-15.39, 90.29)
(-14.36, 87.47) (-16.29, 89.77)
(-16.29, 89.77) (-18.89, 91.27)
(-16.29, 89.77) (-18.22, 92.06)
(-18.22, 92.06) (-19.25, 94.88)
(-18.22, 92.06) (-20.15, 94.36)
(-14.36, 87.47) (-15.39, 90.29)
(-15.39, 90.29) (-17.32, 92.58)
(-15.39, 90.29) (-16.42, 93.11)
(-16.42, 93.11) (-16.42, 96.11)
(-16.42, 93.11) (-17.44, 95.92)
(-16.42, 93.11) (-16.42, 96.11)
(-16.42, 96.11) (-17.44, 98.92)
(-16.42, 96.11) (-16.42, 99.11)
(-16.42, 99.11) (-15.39, 101.92)
(-16.42, 99.11) (-16.42, 102.11)
(-16.42, 93.11) (-17.44, 95.92)
(-17.44, 95.92) (-19.37, 98.22)
(-17.44, 95.92) (-18.47, 98.74)
(-18.47, 98.74) (-18.47, 101.74)
(-18.47, 98.74) (-19.5, 101.56)
(-16.42, 93.11) (-16.42, 96.11)
(-16.42, 96.11) (-17.44, 98.92)
(-16.42, 96.11) (-16.42, 99.11)
(-16.42, 99.11) (-15.39, 101.92)
(-16.42, 99.11) (-16.42, 102.11)
(-16.42, 99.11) (-17.44, 101.92)
(-17.44, 101.92) (-19.37, 104.22)
(-17.44, 101.92) (-18.47, 104.74)
(-18.47, 104.74) (-18.47, 107.74)
(-18.47, 104.74) (-19.5, 107.56)
(-16.42, 99.11) (-16.42, 102.11)
(-16.42, 102.11) (-17.44, 104.92)
(-16.42, 102.11) (-16.42, 105.11)
(-16.42, 105.11) (-15.39, 107.92)
(-16.42, 105.11) (-16.42, 108.11)
(-16.42, 105.11) (-15.39, 107.92)
(-15.39, 107.92) (-15.39, 110.92)
(-15.39, 107.92) (-14.36, 110.74)
(-14.36, 110.74) (-12.44, 113.04)
(-14.36, 110.74) (-13.34, 113.56)
(-16.42, 105.11) (-16.42, 108.11)
(-16.42, 108.11) (-17.44, 110.92)
(-16.42, 108.11) (-16.42, 111.11)
(-16.42, 111.11) (-15.39, 113.92)
(-16.42, 111.11) (-16.42, 114.11)
(-16.42, 93.11) (-17.44, 95.92)
(-17.44, 95.92) (-19.37, 98.22)
(-17.44, 95.92) (-18.47, 98.74)
(-18.47, 98.74) (-18.47, 101.74)
(-18.47, 98.74) (-19.5, 101.56)
(-18.47, 98.74) (-20.4, 101.04)
(-20.4, 101.04) (-23.0, 102.54)
(-20.4, 101.04) (-22.33, 103.34)
(-22.33, 103.34) (-23.35, 106.16)
(-22.33, 103.34) (-24.25, 105.64)
(-18.47, 98.74) (-19.5, 101.56)
(-19.5, 101.56) (-21.42, 103.86)
(-19.5, 101.56) (-20.52, 104.38)
(-20.52, 104.38) (-20.52, 107.38)
(-20.52, 104.38) (-21.55, 107.2)
(-20.52, 104.38) (-20.52, 107.38)
(-20.52, 107.38) (-21.55, 110.2)
(-20.52, 107.38) (-20.52, 110.38)
(-20.52, 110.38) (-19.5, 113.2)
(-20.52, 110.38) (-20.52, 113.38)
(-20.52, 104.38) (-21.55, 107.2)
(-21.55, 107.2) (-23.48, 109.5)
(-21.55, 107.2) (-22.57, 110.02)
(-22.57, 110.02) (-22.57, 113.02)
(-22.57, 110.02) (-23.6, 112.84)
(-16.42, 93.11) (-16.42, 96.11)
(-16.42, 96.11) (-17.44, 98.92)
(-16.42, 96.11) (-16.42, 99.11)
(-16.42, 99.11) (-15.39, 101.92)
(-16.42, 99.11) (-16.42, 102.11)
(-16.42, 99.11) (-17.44, 101.92)
(-17.44, 101.92) (-19.37, 104.22)
(-17.44, 101.92) (-18.47, 104.74)
(-18.47, 104.74) (-18.47, 107.74)
(-18.47, 104.74) (-19.5, 107.56)
(-16.42, 99.11) (-16.42, 102.11)
(-16.42, 102.11) (-17.44, 104.92)
(-16.42, 102.11) (-16.42, 105.11)
(-16.42, 105.11) (-15.39, 107.92)
(-16.42, 105.11) (-16.42, 108.11)
(-16.42, 105.11) (-15.39, 107.92)
(-15.39, 107.92) (-15.39, 110.92)
(-15.39, 107.92) (-14.36, 110.74)
(-14.36, 110.74) (-12.44, 113.04)
(-14.36, 110.74) (-13.34, 113.56)
(-16.42, 105.11) (-16.42, 108.11)
(-16.42, 108.11) (-17.44, 110.92)
(-16.42, 108.11) (-16.42, 111.11)
(-16.42, 111.11) (-15.39, 113.92)
(-16.42, 111.11) (-16.42, 114.11)
(-16.42, 105.11) (-17.44, 107.92)
(-17.44, 107.92) (-19.37, 110.22)
(-17.44, 107.92) (-18.47, 110.74)
(-18.47, 110.74) (-18.47, 113.74)
(-18.47, 110.74) (-19.5, 113.56)
(-18.47, 110.74) (-20.4, 113.04)
(-20.4, 113.04) (-23.0, 114.54)
(-20.4, 113.04) (-22.33, 115.34)
(-22.33, 115.34) (-23.35, 118.16)
(-22.33, 115.34) (-24.25, 117.64)
(-18.47, 110.74) (-19.5, 113.56)
(-19.5, 113.56) (-21.42, 115.86)
(-19.5, 113.56) (-20.52, 116.38)
(-20.52, 116.38) (-20.52, 119.38)
(-20.52, 116.38) (-21.55, 119.2)
(-20.52, 116.38) (-20.52, 119.38)
(-20.52, 119.38) (-21.55, 122.2)
(-20.52, 119.38) (-20.52, 122.38)
(-20.52, 122.38) (-19.5, 125.2)
(-20.52, 122.38) (-20.52, 125.38)
(-20.52, 116.38) (-21.55, 119.2)
(-21.55, 119.2) (-23.48, 121.5)
(-21.55, 119.2) (-22.57, 122.02)
(-22.57, 122.02) (-22.57, 125.02)
(-22.57, 122.02) (-23.6, 124.84)
(-16.42, 105.11) (-16.42, 108.11)
(-16.42, 108.11) (-17.44, 110.92)
(-16.42, 108.11) (-16.42, 111.11)
(-16.42, 111.11) (-15.39, 113.92)
(-16.42, 111.11) (-16.42, 114.11)
(-16.42, 111.11) (-17.44, 113.92)
(-17.44, 113.92) (-19.37, 116.22)
(-17.44, 113.92) (-18.47, 116.74)
(-18.47, 116.74) (-18.47, 119.74)
(-18.47, 116.74) (-19.5, 119.56)
(-16.42, 111.11) (-16.42, 114.11)
(-16.42, 114.11) (-17.44, 116.92)
(-16.42, 114.11) (-16.42, 117.11)
(-16.42, 117.11) (-15.39, 119.92)
(-16.42, 117.11) (-16.42, 120.11)
(-16.42, 117.11) (-15.39, 119.92)
(-15.39, 119.92) (-15.39, 122.92)
(-15.39, 119.92) (-14.36, 122.74)
(-14.36, 122.74) (-12.44, 125.04)
(-14.36, 122.74) (-13.34, 125.56)
(-16.42, 117.11) (-16.42, 120.11)
(-16.42, 120.11) (-17.44, 122.92)
(-16.42, 120.11) (-16.42, 123.11)
(-16.42, 123.11) (-15.39, 125.92)
(-16.42, 123.11) (-16.42, 126.11)
(-16.42, 117.11) (-15.39, 119.92)
(-15.39, 119.92) (-15.39, 122.92)
(-15.39, 119.92) (-14.36, 122.74)
(-14.36, 122.74) (-12.44, 125.04)
(-14.36, 122.74) (-13.34, 125.56)
(-14.36, 122.74) (-14.36, 125.74)
(-14.36, 125.74) (-15.39, 128.56)
(-14.36, 125.74) (-14.36, 128.74)
(-14.36, 128.74) (-13.34, 131.56)
(-14.36, 128.74) (-14.36, 131.74)
(-14.36, 122.74) (-13.34, 125.56)
(-13.34, 125.56) (-13.34, 128.56)
(-13.34, 125.56) (-12.31, 128.38)
(-12.31, 128.38) (-10.38, 130.68)
(-12.31, 128.38) (-11.29, 131.2)
(-12.31, 128.38) (-10.38, 130.68)
(-10.38, 130.68) (-9.36, 133.5)
(-10.38, 130.68) (-8.46, 132.98)
(-8.46, 132.98) (-5.86, 134.48)
(-8.46, 132.98) (-6.53, 135.28)
(-12.31, 128.38) (-11.29, 131.2)
(-11.29, 131.2) (-11.29, 134.2)
(-11.29, 131.2) (-10.26, 134.02)
(-10.26, 134.02) (-8.33, 136.32)
(-10.26, 134.02) (-9.23, 136.84)
(-16.42, 117.11) (-16.42, 120.11)
(-16.42, 120.11) (-17.44, 122.92)
(-16.42, 120.11) (-16.42, 123.11)
(-16.42, 123.11) (-15.39, 125.92)
(-16.42, 123.11) (-16.42, 126.11)
(-16.42, 123.11) (-17.44, 125.92)
(-17.44, 125.92) (-19.37, 128.22)
(-17.44, 125.92) (-18.47, 128.74)
(-18.47, 128.74) (-18.47, 131.74)
(-18.47, 128.74) (-19.5, 131.56)
(-16.42, 123.11) (-16.42, 126.11)
(-16.42, 126.11) (-17.44, 128.92)
(-16.42, 126.11) (-16.42, 129.11)
(-16.42, 129.11) (-15.39, 131.92)
(-16.42, 129.11) (-16.42, 132.11)
(-16.42, 129.11) (-15.39, 131.92)
(-15.39, 131.92) (-15.39, 134.92)
(-15.39, 131.92) (-14.36, 134.74)
(-14.36, 134.74) (-12.44, 137.04)
(-14.36, 134.74) (-13.34, 137.56)
(-16.42, 129.11) (-16.42, 132.11)
(-16.42, 132.11) (-17.44, 134.92)
(-16.42, 132.11) (-16.42, 135.11)
(-16.42, 135.11) (-15.39, 137.92)
(-16.42, 135.11) (-16.42, 138.11)
(-16.42, 93.11) (-17.44, 95.92)
(-17.44, 95.92) (-19.37, 98.22)
(-17.44, 95.92) (-18.47, 98.74)
(-18.47, 98.74) (-18.47, 101.74)
(-18.47, 98.74) (-19.5, 101.56)
(-18.47, 98.74) (-20.4, 101.04)
(-20.4, 101.04) (-23.0, 102.54)
(-20.4, 101.04) (-22.33, 103.34)
(-22.33, 103.34) (-23.35, 106.16)
(-22.33, 103.34) (-24.25, 105.64)
(-18.47, 98.74) (-19.5, 101.56)
(-19.5, 101.56) (-21.42, 103.86)
(-19.5, 101.56) (-20.52, 104.38)
(-20.52, 104.38) (-20.52, 107.38)
(-20.52, 104.38) (-21.55, 107.2)
(-20.52, 104.38) (-20.52, 107.38)
(-20.52, 107.38) (-21.55, 110.2)
(-20.52, 107.38) (-20.52, 110.38)
(-20.52, 110.38) (-19.5, 113.2)
(-20.52, 110.38) (-20.52, 113.38)
(-20.52, 104.38) (-21.55, 107.2)
(-21.55, 107.2) (-23.48, 109.5)
(-21.55, 107.2) (-22.57, 110.02)
(-22.57, 110.02) (-22.57, 113.02)
(-22.57, 110.02) (-23.6, 112.84)
(-20.52, 104.38) (-22.45, 106.68)
(-22.45, 106.68) (-25.05, 108.18)
(-22.45, 106.68) (-24.38, 108.98)
(-24.38, 108.98) (-25.4, 111.8)
(-24.38, 108.98) (-26.31, 111.28)
(-24.38, 108.98) (-26.98, 110.48)
(-26.98, 110.48) (-29.93, 111.0)
(-26.98, 110.48) (-29.57, 111.98)
(-29.57, 111.98) (-31.5, 114.28)
(-29.57, 111.98) (-32.17, 113.48)
(-24.38, 108.98) (-26.31, 111.28)
(-26.31, 111.28) (-28.9, 112.78)
(-26.31, 111.28) (-28.23, 113.57)
(-28.23, 113.57) (-29.26, 116.39)
(-28.23, 113.57) (-30.16, 115.87)
(-28.23, 113.57) (-29.26, 116.39)
(-29.26, 116.39) (-31.19, 118.69)
(-29.26, 116.39) (-30.29, 119.21)
(-30.29, 119.21) (-30.29, 122.21)
(-30.29, 119.21) (-31.31, 122.03)
(-28.23, 113.57) (-30.16, 115.87)
(-30.16, 115.87) (-32.76, 117.37)
(-30.16, 115.87) (-32.09, 118.17)
(-32.09, 118.17) (-33.12, 120.99)
(-32.09, 118.17) (-34.02, 120.47)
(-20.52, 104.38) (-21.55, 107.2)
(-21.55, 107.2) (-23.48, 109.5)
(-21.55, 107.2) (-22.57, 110.02)
(-22.57, 110.02) (-22.57, 113.02)
(-22.57, 110.02) (-23.6, 112.84)
(-22.57, 110.02) (-24.5, 112.32)
(-24.5, 112.32) (-27.1, 113.82)
(-24.5, 112.32) (-26.43, 114.62)
(-26.43, 114.62) (-27.46, 117.44)
(-26.43, 114.62) (-28.36, 116.91)
(-22.57, 110.02) (-23.6, 112.84)
(-23.6, 112.84) (-25.53, 115.14)
(-23.6, 112.84) (-24.63, 115.66)
(-24.63, 115.66) (-24.63, 118.66)
(-24.63, 115.66) (-25.65, 118.48)
(-24.63, 115.66) (-24.63, 118.66)
(-24.63, 118.66) (-25.65, 121.48)
(-24.63, 118.66) (-24.63, 121.66)
(-24.63, 121.66) (-23.6, 124.48)
(-24.63, 121.66) (-24.63, 124.66)
(-24.63, 115.66) (-25.65, 118.48)
(-25.65, 118.48) (-27.58, 120.78)
(-25.65, 118.48) (-26.68, 121.3)
(-26.68, 121.3) (-26.68, 124.3)
(-26.68, 121.3) (-27.7, 124.12)
(-24.63, 115.66) (-24.63, 118.66)
(-24.63, 118.66) (-25.65, 121.48)
(-24.63, 118.66) (-24.63, 121.66)
(-24.63, 121.66) (-23.6, 124.48)
(-24.63, 121.66) (-24.63, 124.66)
(-24.63, 121.66) (-25.65, 124.48)
(-25.65, 124.48) (-27.58, 126.78)
(-25.65, 124.48) (-26.68, 127.3)
(-26.68, 127.3) (-26.68, 130.3)
(-26.68, 127.3) (-27.7, 130.12)
(-24.63, 121.66) (-24.63, 124.66)
(-24.63, 124.66) (-25.65, 127.48)
(-24.63, 124.66) (-24.63, 127.66)
(-24.63, 127.66) (-23.6, 130.48)
(-24.63, 127.66) (-24.63, 130.66)
(-24.63, 127.66) (-23.6, 130.48)
(-23.6, 130.48) (-23.6, 133.48)
(-23.6, 130.48) (-22.57, 133.3)
(-22.57, 133.3) (-20.64, 135.59)
(-22.57, 133.3) (-21.55, 136.12)
(-24.63, 127.66) (-24.63, 130.66)
(-24.63, 130.66) (-25.65, 133.48)
(-24.63, 130.66) (-24.63, 133.66)
(-24.63, 133.66) (-23.6, 136.48)
(-24.63, 133.66) (-24.63, 136.66)
(-24.63, 115.66) (-25.65, 118.48)
(-25.65, 118.48) (-27.58, 120.78)
(-25.65, 118.48) (-26.68, 121.3)
(-26.68, 121.3) (-26.68, 124.3)
(-26.68, 121.3) (-27.7, 124.12)
(-26.68, 121.3) (-28.61, 123.59)
(-28.61, 123.59) (-31.2, 125.09)
(-28.61, 123.59) (-30.53, 125.89)
(-30.53, 125.89) (-31.56, 128.71)
(-30.53, 125.89) (-32.46, 128.19)
(-26.68, 121.3) (-27.7, 124.12)
(-27.7, 124.12) (-29.63, 126.41)
(-27.7, 124.12) (-28.73, 126.93)
(-28.73, 126.93) (-28.73, 129.93)
(-28.73, 126.93) (-29.76, 129.75)
(-28.73, 126.93) (-28.73, 129.93)
(-28.73, 129.93) (-29.76, 132.75)
(-28.73, 129.93) (-28.73, 132.93)
(-28.73, 132.93) (-27.7, 135.75)
(-28.73, 132.93) (-28.73, 135.93)
(-28.73, 126.93) (-29.76, 129.75)
(-29.76, 129.75) (-31.68, 132.05)
(-29.76, 129.75) (-30.78, 132.57)
(-30.78, 132.57) (-30.78, 135.57)
(-30.78, 132.57) (-31.81, 135.39)
(0.0, 48.0) (0.0, 51.0)
(0.0, 51.0) (-1.03, 53.82)
(0.0, 51.0) (0.0, 54.0)
(0.0, 54.0) (1.03, 56.82)
(0.0, 54.0) (0.0, 57.0)
(0.0, 54.0) (-1.03, 56.82)
(-1.03, 56.82) (-2.95, 59.12)
(-1.03, 56.82) (-2.05, 59.64)
(-2.05, 59.64) (-2.05, 62.64)
(-2.05, 59.64) (-3.08, 62.46)
(0.0, 54.0) (0.0, 57.0)
(0.0, 57.0) (-1.03, 59.82)
(0.0, 57.0) (0.0, 60.0)
(0.0, 60.0) (1.03, 62.82)
(0.0, 60.0) (0.0, 63.0)
(0.0, 60.0) (1.03, 62.82)
(1.03, 62.82) (1.03, 65.82)
(1.03, 62.82) (2.05, 65.64)
(2.05, 65.64) (3.98, 67.94)
(2.05, 65.64) (3.08, 68.46)
(0.0, 60.0) (0.0, 63.0)
(0.0, 63.0) (-1.03, 65.82)
(0.0, 63.0) (0.0, 66.0)
(0.0, 66.0) (1.03, 68.82)
(0.0, 66.0) (0.0, 69.0)
(0.0, 60.0) (-1.03, 62.82)
(-1.03, 62.82) (-2.95, 65.12)
(-1.03, 62.82) (-2.05, 65.64)
(-2.05, 65.64) (-2.05, 68.64)
(-2.05, 65.64) (-3.08, 68.46)
(-2.05, 65.64) (-3.98, 67.94)
(-3.98, 67.94) (-6.58, 69.44)
(-3.98, 67.94) (-5.91, 70.23)
(-5.91, 70.23) (-6.93, 73.05)
(-5.91, 70.23) (-7.84, 72.53)
(-2.05, 65.64) (-3.08, 68.46)
(-3.08, 68.46) (-5.01, 70.76)
(-3.08, 68.46) (-4.1, 71.28)
(-4.1, 71.28) (-4.1, 74.28)
(-4.1, 71.28) (-5.13, 74.1)
(-4.1, 71.28) (-4.1, 74.28)
(-4.1, 74.28) (-5.13, 77.1)
(-4.1, 74.28) (-4.1, 77.28)
(-4.1, 77.28) (-3.08, 80.1)
(-4.1, 77.28) (-4.1, 80.28)
(-4.1, 71.28) (-5.13, 74.1)
(-5.13, 74.1) (-7.06, 76.39)
(-5.13, 74.1) (-6.16, 76.91)
(-6.16, 76.91) (-6.16, 79.91)
(-6.16, 76.91) (-7.18, 79.73)
(0.0, 60.0) (0.0, 63.0)
(0.0, 63.0) (-1.03, 65.82)
(0.0, 63.0) (0.0, 66.0)
(0.0, 66.0) (1.03, 68.82)
(0.0, 66.0) (0.0, 69.0)
(0.0, 66.0) (-1.03, 68.82)
(-1.03, 68.82) (-2.95, 71.12)
(-1.03, 68.82) (-2.05, 71.64)
(-2.05, 71.64) (-2.05, 74.64)
(-2.05, 71.64) (-3.08, 74.46)
(0.0, 66.0) (0.0, 69.0)
(0.0, 69.0) (-1.03, 71.82)
(0.0, 69.0) (0.0, 72.0)
(0.0, 72.0) (1.03, 74.82)
(0.0, 72.0) (0.0, 75.0)
(0.0, 72.0) (1.03, 74.82)
(1.03, 74.82) (1.03, 77.82)
(1.03, 74.82) (2.05, 77.64)
(2.05, 77.64) (3.98, 79.94)
(2.05, 77.64) (3.08, 80.46)
(0.0, 72.0) (0.0, 75.0)
(0.0, 75.0) (-1.03, 77.82)
(0.0, 75.0) (0.0, 78.0)
(0.0, 78.0) (1.03, 80.82)
(0.0, 78.0) (0.0, 81.0)
(0.0, 72.0) (1.03, 74.82)
(1.03, 74.82) (1.03, 77.82)
(1.03, 74.82) (2.05, 77.64)
(2.05, 77.64) (3.98, 79.94)
(2.05, 77.64) (3.08, 80.46)
(2.05, 77.64) (2.05, 80.64)
(2.05, 80.64) (1.03, 83.46)
(2.05, 80.64) (2.05, 83.64)
(2.05, 83.64) (3.08, 86.46)
(2.05, 83.64) (2.05, 86.64)
(2.05, 77.64) (3.08, 80.46)
(3.08, 80.46) (3.08, 83.46)
(3.08, 80.46) (4.1, 83.28)
(4.1, 83.28) (6.03, 85.57)
(4.1, 83.28) (5.13, 86.1)
(4.1, 83.28) (6.03, 85.57)
(6.03, 85.57) (7.06, 88.39)
(6.03, 85.57) (7.96, 87.87)
(7.96, 87.87) (10.56, 89.37)
(7.96, 87.87) (9.89, 90.17)
(4.1, 83.28) (5.13, 86.1)
(5.13, 86.1) (5.13, 89.1)
(5.13, 86.1) (6.16, 88.91)
(6.16, 88.91) (8.08, 91.21)
(6.16, 88.91) (7.18, 91.73)
(0.0, 72.0) (0.0, 75.0)
(0.0, 75.0) (-1.03, 77.82)
(0.0, 75.0) (0.0, 78.0)
(0.0, 78.0) (1.03, 80.82)
(0.0, 78.0) (0.0, 81.0)
(0.0, 78.0) (-1.03, 80.82)
(-1.03, 80.82) (-2.95, 83.12)
(-1.03, 80.82) (-2.05, 83.64)
(-2.05, 83.64) (-2.05, 86.64)
(-2.05, 83.64) (-3.08, 86.46)
(0.0, 78.0) (0.0, 81.0)
(0.0, 81.0) (-1.03, 83.82)
(0.0, 81.0) (0.0, 84.0)
(0.0, 84.0) (1.03, 86.82)
(0.0, 84.0) (0.0, 87.0)
(0.0, 84.0) (1.03, 86.82)
(1.03, 86.82) (1.03, 89.82)
(1.03, 86.82) (2.05, 89.64)
(2.05, 89.64) (3.98, 91.94)
(2.05, 89.64) (3.08, 92.46)
(0.0, 84.0) (0.0, 87.0)
(0.0, 87.0) (-1.03, 89.82)
(0.0, 87.0) (0.0, 90.0)
(0.0, 90.0) (1.03, 92.82)
(0.0, 90.0) (0.0, 93.0)
(0.0, 72.0) (-1.03, 74.82)
(-1.03, 74.82) (-2.95, 77.12)
(-1.03, 74.82) (-2.05, 77.64)
(-2.05, 77.64) (-2.05, 80.64)
(-2.05, 77.64) (-3.08, 80.46)
(-2.05, 77.64) (-3.98, 79.94)
(-3.98, 79.94) (-6.58, 81.44)
(-3.98, 79.94) (-5.91, 82.23)
(-5.91, 82.23) (-6.93, 85.05)
(-5.91, 82.23) (-7.84, 84.53)
(-2.05, 77.64) (-3.08, 80.46)
(-3.08, 80.46) (-5.01, 82.76)
(-3.08, 80.46) (-4.1, 83.28)
(-4.1, 83.28) (-4.1, 86.28)
(-4.1, 83.28) (-5.13, 86.1)
(-4.1, 83.28) (-4.1, 86.28)
(-4.1, 86.28) (-5.13, 89.1)
(-4.1, 86.28) (-4.1, 89.28)
(-4.1, 89.28) (-3.08, 92.1)
(-4.1, 89.28) (-4.1, 92.28)
(-4.1, 83.28) (-5.13, 86.1)
(-5.13, 86.1) (-7.06, 88.39)
(-5.13, 86.1) (-6.16, 88.91)
(-6.16, 88.91) (-6.16, 91.91)
(-6.16, 88.91) (-7.18, 91.73)
(-4.1, 83.28) (-6.03, 85.57)
(-6.03, 85.57) (-8.63, 87.07)
(-6.03, 85.57) (-7.96, 87.87)
(-7.96, 87.87) (-8.99, 90.69)
(-7.96, 87.87) (-9.89, 90.17)
(-7.96, 87.87) (-10.56, 89.37)
(-10.56, 89.37) (-13.51, 89.89)
(-10.56, 89.37) (-13.16, 90.87)
(-13.16, 90.87) (-15.09, 93.17)
(-13.16, 90.87) (-15.76, 92.37)
(-7.96, 87.87) (-9.89, 90.17)
(-9.89, 90.17) (-12.49, 91.67)
(-9.89, 90.17) (-11.82, 92.47)
(-11.82, 92.47) (-12.84, 95.29)
(-11.82, 92.47) (-13.75, 94.77)
(-11.82, 92.47) (-12.84, 95.29)
(-12.84, 95.29) (-14.77, 97.59)
(-12.84, 95.29) (-13.87, 98.11)
(-13.87, 98.11) (-13.87, 101.11)
(-13.87, 98.11) (-14.9, 100.93)
(-11.82, 92.47) (-13.75, 94.77)
(-13.75, 94.77) (-16.34, 96.27)
(-13.75, 94.77) (-15.67, 97.07)
(-15.67, 97.07) (-16.7, 99.88)
(-15.67, 97.07) (-17.6, 99.36)
(-4.1, 83.28) (-5.13, 86.1)
(-5.13, 86.1) (-7.06, 88.39)
(-5.13, 86.1) (-6.16, 88.91)
(-6.16, 88.91) (-6.16, 91.91)
(-6.16, 88.91) (-7.18, 91.73)
(-6.16, 88.91) (-8.08, 91.21)
(-8.08, 91.21) (-10.68, 92.71)
(-8.08, 91.21) (-10.01, 93.51)
(-10.01, 93.51) (-11.04, 96.33)
(-10.01, 93.51) (-11.94, 95.81)
(-6.16, 88.91) (-7.18, 91.73)
(-7.18, 91.73) (-9.11, 94.03)
(-7.18, 91.73) (-8.21, 94.55)
(-8.21, 94.55) (-8.21, 97.55)
(-8.21, 94.55) (-9.23, 97.37)
(-8.21, 94.55) (-8.21, 97.55)
(-8.21, 97.55) (-9.23, 100.37)
(-8.21, 97.55) (-8.21, 100.55)
(-8.21, 100.55) (-7.18, 103.37)
(-8.21, 100.55) (-8.21, 103.55)
(-8.21, 94.55) (-9.23, 97.37)
(-9.23, 97.37) (-11.16, 99.67)
(-9.23, 97.37) (-10.26, 100.19)
(-10.26, 100.19) (-10.26, 103.19)
(-10.26, 100.19) (-11.29, 103.01)
(-8.21, 94.55) (-8.21, 97.55)
(-8.21, 97.55) (-9.23, 100.37)
(-8.21, 97.55) (-8.21, 100.55)
(-8.21, 100.55) (-7.18, 103.37)
(-8.21, 100.55) (-8.21, 103.55)
(-8.21, 100.55) (-9.23, 103.37)
(-9.23, 103.37) (-11.16, 105.67)
(-9.23, 103.37) (-10.26, 106.19)
(-10.26, 106.19) (-10.26, 109.19)
(-10.26, 106.19) (-11.29, 109.01)
(-8.21, 100.55) (-8.21, 103.55)
(-8.21, 103.55) (-9.23, 106.37)
(-8.21, 103.55) (-8.21, 106.55)
(-8.21, 106.55) (-7.18, 109.37)
(-8.21, 106.55) (-8.21, 109.55)
(-8.21, 106.55) (-7.18, 109.37)
(-7.18, 109.37) (-7.18, 112.37)
(-7.18, 109.37) (-6.16, 112.19)
(-6.16, 112.19) (-4.23, 114.49)
(-6.16, 112.19) (-5.13, 115.01)
(-8.21, 106.55) (-8.21, 109.55)
(-8.21, 109.55) (-9.23, 112.37)
(-8.21, 109.55) (-8.21, 112.55)
(-8.21, 112.55) (-7.18, 115.37)
(-8.21, 112.55) (-8.21, 115.55)
(-8.21, 94.55) (-9.23, 97.37)
(-9.23, 97.37) (-11.16, 99.67)
(-9.23, 97.37) (-10.26, 100.19)
(-10.26, 100.19) (-10.26, 103.19)
(-10.26, 100.19) (-11.29, 103.01)
(-10.26, 100.19) (-12.19, 102.49)
(-12.19, 102.49) (-14.79, 103.99)
(-12.19, 102.49) (-14.12, 104.79)
(-14.12, 104.79) (-15.14, 107.61)
(-14.12, 104.79) (-16.05, 107.09)
(-10.26, 100.19) (-11.29, 103.01)
(-11.29, 103.01) (-13.22, 105.31)
(-11.29, 103.01) (-12.31, 105.83)
(-12.31, 105.83) (-12.31, 108.83)
(-12.31, 105.83) (-13.34, 108.65)
(-12.31, 105.83) (-12.31, 108.83)
(-12.31, 108.83) (-13.34, 111.65)
(-12.31, 108.83) (-12.31, 111.83)
(-12.31, 111.83) (-11.29, 114.65)
(-12.31, 111.83) (-12.31, 114.83)
(-12.31, 105.83) (-13.34, 108.65)
(-13.34, 108.65) (-15.27, 110.95)
(-13.34, 108.65) (-14.36, 111.47)
(-14.36, 111.47) (-14.36, 114.47)
(-14.36, 111.47) (-15.39, 114.29)
(0.0, 72.0) (0.0, 75.0)
(0.0, 75.0) (-1.03, 77.82)
(0.0, 75.0) (0.0, 78.0)
(0.0, 78.0) (1.03, 80.82)
(0.0, 78.0) (0.0, 81.0)
(0.0, 78.0) (-1.03, 80.82)
(-1.03, 80.82) (-2.95, 83.12)
(-1.03, 80.82) (-2.05, 83.64)
(-2.05, 83.64) (-2.05, 86.64)
(-2.05, 83.64) (-3.08, 86.46)
(0.0, 78.0) (0.0, 81.0)
(0.0, 81.0) (-1.03, 83.82)
(0.0, 81.0) (0.0, 84.0)
(0.0, 84.0) (1.03, 86.82)
(0.0, 84.0) (0.0, 87.0)
(0.0, 84.0) (1.03, 86.82)
(1.03, 86.82) (1.03, 89.82)
(1.03, 86.82) (2.05, 89.64)
(2.05, 89.64) (3.98, 91.94)
(2.05, 89.64) (3.08, 92.46)
(0.0, 84.0) (0.0, 87.0)
(0.0, 87.0) (-1.03, 89.82)
(0.0, 87.0) (0.0, 90.0)
(0.0, 90.0) (1.03, 92.82)
(0.0, 90.0) (0.0, 93.0)
(0.0, 84.0) (-1.03, 86.82)
(-1.03, 86.82) (-2.95, 89.12)
(-1.03, 86.82) (-2.05, 89.64)
(-2.05, 89.64) (-2.05, 92.64)
(-2.05, 89.64) (-3.08, 92.46)
(-2.05, 89.64) (-3.98, 91.94)
(-3.98, 91.94) (-6.58, 93.44)
(-3.98, 91.94) (-5.91, 94.23)
(-5.91, 94.23) (-6.93, 97.05)
(-5.91, 94.23) (-7.84, 96.53)
(-2.05, 89.64) (-3.08, 92.46)
(-3.08, 92.46) (-5.01, 94.76)
(-3.08, 92.46) (-4.1, 95.28)
(-4.1, 95.28) (-4.1, 98.28)
(-4.1, 95.28) (-5.13, 98.1)
(-4.1, 95.28) (-4.1, 98.28)
(-4.1, 98.28) (-5.13, 101.1)
(-4.1, 98.28) (-4.1, 101.28)
(-4.1, 101.28) (-3.08, 104.1)
(-4.1, 101.28) (-4.1, 104.28)
(-4.1, 95.28) (-5.13, 98.1)
(-5.13, 98.1) (-7.06, 100.39)
(-5.13, 98.1) (-6.16, 100.91)
(-6.16, 100.91) (-6.16, 103.91)
(-6.16, 100.91) (-7.18, 103.73)
(0.0, 84.0) (0.0, 87.0)
(0.0, 87.0) (-1.03, 89.82)
(0.0, 87.0) (0.0, 90.0)
(0.0, 90.0) (1.03, 92.82)
(0.0, 90.0) (0.0, 93.0)
(0.0, 90.0) (-1.03, 92.82)
(-1.03, 92.82) (-2.95, 95.12)
(-1.03, 92.82) (-2.05, 95.64)
(-2.05, 95.64) (-2.05, 98.64)
(-2.05, 95.64) (-3.08, 98.46)
(0.0, 90.0) (0.0, 93.0)
(0.0, 93.0) (-1.03, 95.82)
(0.0, 93.0) (0.0, 96.0)
(0.0, 96.0) (1.03, 98.82)
(0.0, 96.0) (0.0, 99.0)
(0.0, 96.0) (1.03, 98.82)
(1.03, 98.82) (1.03, 101.82)
(1.03, 98.82) (2.05, 101.64)
(2.05, 101.64) (3.98, 103.94)
(2.05, 101.64) (3.08, 104.46)
(0.0, 96.0) (0.0, 99.0)
(0.0, 99.0) (-1.03, 101.82)
(0.0, 99.0) (0.0, 102.0)
(0.0, 102.0) (1.03, 104.82)
(0.0, 102.0) (0.0, 105.0)
(0.0, 96.0) (1.03, 98.82)
(1.03, 98.82) (1.03, 101.82)
(1.03, 98.82) (2.05, 101.64)
(2.05, 101.64) (3.98, 103.94)
(2.05, 101.64) (3.08, 104.46)
(2.05, 101.64) (2.05, 104.64)
(2.05, 104.64) (1.03, 107.46)
(2.05, 104.64) (2.05, 107.64)
(2.05, 107.64) (3.08, 110.46)
(2.05, 107.64) (2.05, 110.64)
(2.05, 101.64) (3.08, 104.46)
(3.08, 104.46) (3.08, 107.46)
(3.08, 104.46) (4.1, 107.28)
(4.1, 107.28) (6.03, 109.57)
(4.1, 107.28) (5.13, 110.1)
(4.1, 107.28) (6.03, 109.57)
(6.03, 109.57) (7.06, 112.39)
(6.03, 109.57) (7.96, 111.87)
(7.96, 111.87) (10.56, 113.37)
(7.96, 111.87) (9.89, 114.17)
(4.1, 107.28) (5.13, 110.1)
(5.13, 110.1) (5.13, 113.1)
(5.13, 110.1) (6.16, 112.91)
(6.16, 112.91) (8.08, 115.21)
(6.16, 112.91) (7.18, 115.73)
(0.0, 96.0) (0.0, 99.0)
(0.0, 99.0) (-1.03, 101.82)
(0.0, 99.0) (0.0, 102.0)
(0.0, 102.0) (1.03, 104.82)
(0.0, 102.0) (0.0, 105.0)
(0.0, 102.0) (-1.03, 104.82)
(-1.03, 104.82) (-2.95, 107.12)
(-1.03, 104.82) (-2.05, 107.64)
(-2.05, 107.64) (-2.05, 110.64)
(-2.05, 107.64) (-3.08, 110.46)
(0.0, 102.0) (0.0, 105.0)
(0.0, 105.0) (-1.03, 107.82)
(0.0, 105.0) (0.0, 108.0)
(0.0, 108.0) (1.03, 110.82)
(0.0, 108.0) (0.0, 111.0)
(0.0, 108.0) (1.03, 110.82)
(1.03, 110.82) (1.03, 113.82)
(1.03, 110.82) (2.05, 113.64)
(2.05, 113.64) (3.98, 115.94)
(2.05, 113.64) (3.08, 116.46)
(0.0, 108.0) (0.0, 111.0)
(0.0, 111.0) (-1.03, 113.82)
(0.0, 111.0) (0.0, 114.0)
(0.0, 114.0) (1.03, 116.82)
(0.0, 114.0) (0.0, 117.0)
(0.0, 96.0) (1.03, 98.82)
(1.03, 98.82) (1.03, 101.82)
(1.03, 98.82) (2.05, 101.64)
(2.05, 101.64) (3.98, 103.94)
(2.05, 101.64) (3.08, 104.46)
(2.05, 101.64) (2.05, 104.64)
(2.05, 104.64) (1.03, 107.46)
(2.05, 104.64) (2.05, 107.64)
(2.05, 107.64) (3.08, 110.46)
(2.05, 107.64) (2.05, 110.64)
(2.05, 101.64) (3.08, 104.46)
(3.08, 104.46) (3.08, 107.46)
(3.08, 104.46) (4.1, 107.28)
(4.1, 107.28) (6.03, 109.57)
(4.1, 107.28) (5.13, 110.1)
(4.1, 107.28) (6.03, 109.57)
(6.03, 109.57) (7.06, 112.39)
(6.03, 109.57) (7.96, 111.87)
(7.96, 111.87) (10.56, 113.37)
(7.96, 111.87) (9.89, 114.17)
(4.1, 107.28) (5.13, 110.1)
(5.13, 110.1) (5.13, 113.1)
(5.13, 110.1) (6.16, 112.91)
(6.16, 112.91) (8.08, 115.21)
(6.16, 112.91) (7.18, 115.73)
(4.1, 107.28) (4.1, 110.28)
(4.1, 110.28) (3.08, 113.1)
(4.1, 110.28) (4.1, 113.28)
(4.1, 113.28) (5.13, 116.1)
(4.1, 113.28) (4.1, 116.28)
(4.1, 113.28) (3.08, 116.1)
(3.08, 116.1) (1.15, 118.39)
(3.08, 116.1) (2.05, 118.91)
(2.05, 118.91) (2.05, 121.91)
(2.05, 118.91) (1.03, 121.73)
(4.1, 113.28) (4.1, 116.28)
(4.1, 116.28) (3.08, 119.1)
(4.1, 116.28) (4.1, 119.28)
(4.1, 119.28) (5.13, 122.1)
(4.1, 119.28) (4.1, 122.28)
(4.1, 119.28) (5.13, 122.1)
(5.13, 122.1) (5.13, 125.1)
(5.13, 122.1) (6.16, 124.91)
(6.16, 124.91) (8.08, 127.21)
(6.16, 124.91) (7.18, 127.73)
(4.1, 119.28) (4.1, 122.28)
(4.1, 122.28) (3.08, 125.1)
(4.1, 122.28) (4.1, 125.28)
(4.1, 125.28) (5.13, 128.1)
(4.1, 125.28) (4.1, 128.28)
(4.1, 107.28) (5.13, 110.1)
(5.13, 110.1) (5.13, 113.1)
(5.13, 110.1) (6.16, 112.91)
(6.16, 112.91) (8.08, 115.21)
(6.16, 112.91) (7.18, 115.73)
(6.16, 112.91) (6.16, 115.91)
(6.16, 115.91) (5.13, 118.73)
(6.16, 115.91) (6.16, 118.91)
(6.16, 118.91) (7.18, 121.73)
(6.16, 118.91) (6.16, 121.91)
(6.16, 112.91) (7.18, 115.73)
(7.18, 115.73) (7.18, 118.73)
(7.18, 115.73) (8.21, 118.55)
(8.21, 118.55) (10.14, 120.85)
(8.21, 118.55) (9.23, 121.37)
(8.21, 118.55) (10.14, 120.85)
(10.14, 120.85) (11.16, 123.67)
(10.14, 120.85) (12.07, 123.15)
(12.07, 123.15) (14.66, 124.65)
(12.07, 123.15) (13.99, 125.45)
(8.21, 118.55) (9.23, 121.37)
(9.23, 121.37) (9.23, 124.37)
(9.23, 121.37) (10.26, 124.19)
(10.26, 124.19) (12.19, 126.49)
(10.26, 124.19) (11.29, 127.01)
(8.21, 118.55) (10.14, 120.85)
(10.14, 120.85) (11.16, 123.67)
(10.14, 120.85) (12.07, 123.15)
(12.07, 123.15) (14.66, 124.65)
(12.07, 123.15) (13.99, 125.45)
(12.07, 123.15) (13.09, 125.97)
(13.09, 125.97) (13.09, 128.97)
(13.09, 125.97) (14.12, 128.79)
(14.12, 128.79) (16.05, 131.09)
(14.12, 128.79) (15.14, 131.61)
(12.07, 123.15) (13.99, 125.45)
(13.99, 125.45) (15.02, 128.27)
(13.99, 125.45) (15.92, 127.75)
(15.92, 127.75) (18.52, 129.25)
(15.92, 127.75) (17.85, 130.04)
(15.92, 127.75) (18.52, 129.25)
(18.52, 129.25) (20.45, 131.54)
(18.52, 129.25) (21.12, 130.75)
(21.12, 130.75) (24.07, 131.27)
(21.12, 130.75) (23.72, 132.25)
(15.92, 127.75) (17.85, 130.04)
(17.85, 130.04) (18.88, 132.86)
(17.85, 130.04) (19.78, 132.34)
(19.78, 132.34) (22.38, 133.84)
(19.78, 132.34) (21.71, 134.64)
(8.21, 118.55) (9.23, 121.37)
(9.23, 121.37) (9.23, 124.37)
(9.23, 121.37) (10.26, 124.19)
(10.26, 124.19) (12.19, 126.49)
(10.26, 124.19) (11.29, 127.01)
(10.26, 124.19) (10.26, 127.19)
(10.26, 127.19) (9.23, 130.01)
(10.26, 127.19) (10.26, 130.19)
(10.26, 130.19) (11.29, 133.01)
(10.26, 130.19) (10.26, 133.19)
(10.26, 124.19) (11.29, 127.01)
(11.29, 127.01) (11.29, 130.01)
(11.29, 127.01) (12.31, 129.83)
(12.31, 129.83) (14.24, 132.13)
(12.31, 129.83) (13.34, 132.65)
(12.31, 129.83) (14.24, 132.13)
(14.24, 132.13) (15.27, 134.95)
(14.24, 132.13) (16.17, 134.43)
(16.17, 134.43) (18.77, 135.93)
(16.17, 134.43) (18.1, 136.72)
(12.31, 129.83) (13.34, 132.65)
(13.34, 132.65) (13.34, 135.65)
(13.34, 132.65) (14.36, 135.47)
(14.36, 135.47) (16.29, 137.77)
(14.36, 135.47) (15.39, 138.29)
(0.0, 96.0) (0.0, 99.0)
(0.0, 99.0) (-1.03, 101.82)
(0.0, 99.0) (0.0, 102.0)
(0.0, 102.0) (1.03, 104.82)
(0.0, 102.0) (0.0, 105.0)
(0.0, 102.0) (-1.03, 104.82)
(-1.03, 104.82) (-2.95, 107.12)
(-1.03, 104.82) (-2.05, 107.64)
(-2.05, 107.64) (-2.05, 110.64)
(-2.05, 107.64) (-3.08, 110.46)
(0.0, 102.0) (0.0, 105.0)
(0.0, 105.0) (-1.03, 107.82)
(0.0, 105.0) (0.0, 108.0)
(0.0, 108.0) (1.03, 110.82)
(0.0, 108.0) (0.0, 111.0)
(0.0, 108.0) (1.03, 110.82)
(1.03, 110.82) (1.03, 113.82)
(1.03, 110.82) (2.05, 113.64)
(2.05, 113.64) (3.98, 115.94)
(2.05, 113.64) (3.08, 116.46)
(0.0, 108.0) (0.0, 111.0)
(0.0, 111.0) (-1.03, 113.82)
(0.0, 111.0) (0.0, 114.0)
(0.0, 114.0) (1.03, 116.82)
(0.0, 114.0) (0.0, 117.0)
(0.0, 108.0) (-1.03, 110.82)
(-1.03, 110.82) (-2.95, 113.12)
(-1.03, 110.82) (-2.05, 113.64)
(-2.05, 113.64) (-2.05, 116.64)
(-2.05, 113.64) (-3.08, 116.46)
(-2.05, 113.64) (-3.98, 115.94)
(-3.98, 115.94) (-6.58, 117.44)
(-3.98, 115.94) (-5.91, 118.23)
(-5.91, 118.23) (-6.93, 121.05)
(-5.91, 118.23) (-7.84, 120.53)
(-2.05, 113.64) (-3.08, 116.46)
(-3.08, 116.46) (-5.01, 118.76)
(-3.08, 116.46) (-4.1, 119.28)
(-4.1, 119.28) (-4.1, 122.28)
(-4.1, 119.28) (-5.13, 122.1)
(-4.1, 119.28) (-4.1, 122.28)
(-4.1, 122.28) (-5.13, 125.1)
(-4.1, 122.28) (-4.1, 125.28)
(-4.1, 125.28) (-3.08, 128.1)
(-4.1, 125.28) (-4.1, 128.28)
(-4.1, 119.28) (-5.13, 122.1)
(-5.13, 122.1) (-7.06, 124.39)
(-5.13, 122.1) (-6.16, 124.91)
(-6.16, 124.91) (-6.16, 127.91)
(-6.16, 124.91) (-7.18, 127.73)
(0.0, 108.0) (0.0, 111.0)
(0.0, 111.0) (-1.03, 113.82)
(0.0, 111.0) (0.0, 114.0)
(0.0, 114.0) (1.03, 116.82)
(0.0, 114.0) (0.0, 117.0)
(0.0, 114.0) (-1.03, 116.82)
(-1.03, 116.82) (-2.95, 119.12)
(-1.03, 116.82) (-2.05, 119.64)
(-2.05, 119.64) (-2.05, 122.64)
(-2.05, 119.64) (-3.08, 122.46)
(0.0, 114.0) (0.0, 117.0)
(0.0, 117.0) (-1.03, 119.82)
(0.0, 117.0) (0.0, 120.0)
(0.0, 120.0) (1.03, 122.82)
(0.0, 120.0) (0.0, 123.0)
(0.0, 120.0) (1.03, 122.82)
(1.03, 122.82) (1.03, 125.82)
(1.03, 122.82) (2.05, 125.64)
(2.05, 125.64) (3.98, 127.94)
(2.05, 125.64) (3.08, 128.46)
(0.0, 120.0) (0.0, 123.0)
(0.0, 123.0) (-1.03, 125.82)
(0.0, 123.0) (0.0, 126.0)
(0.0, 126.0) (1.03, 128.82)
(0.0, 126.0) (0.0, 129.0)
(0.0, 120.0) (1.03, 122.82)
(1.03, 122.82) (1.03, 125.82)
(1.03, 122.82) (2.05, 125.64)
(2.05, 125.64) (3.98, 127.94)
(2.05, 125.64) (3.08, 128.46)
(2.05, 125.64) (2.05, 128.64)
(2.05, 128.64) (1.03, 131.46)
(2.05, 128.64) (2.05, 131.64)
(2.05, 131.64) (3.08, 134.46)
(2.05, 131.64) (2.05, 134.64)
(2.05, 125.64) (3.08, 128.46)
(3.08, 128.46) (3.08, 131.46)
(3.08, 128.46) (4.1, 131.28)
(4.1, 131.28) (6.03, 133.57)
(4.1, 131.28) (5.13, 134.1)
(4.1, 131.28) (6.03, 133.57)
(6.03, 133.57) (7.06, 136.39)
(6.03, 133.57) (7.96, 135.87)
(7.96, 135.87) (10.56, 137.37)
(7.96, 135.87) (9.89, 138.17)
(4.1, 131.28) (5.13, 134.1)
(5.13, 134.1) (5.13, 137.1)
(5.13, 134.1) (6.16, 136.91)
(6.16, 136.91) (8.08, 139.21)
(6.16, 136.91) (7.18, 139.73)
(0.0, 120.0) (0.0, 123.0)
(0.0, 123.0) (-1.03, 125.82)
(0.0, 123.0) (0.0, 126.0)
(0.0, 126.0) (1.03, 128.82)
(0.0, 126.0) (0.0, 129.0)
(0.0, 126.0) (-1.03, 128.82)
(-1.03, 128.82) (-2.95, 131.12)
(-1.03, 128.82) (-2.05, 131.64)
(-2.05, 131.64) (-2.05, 134.64)
(-2.05, 131.64) (-3.08, 134.46)
(0.0, 126.0) (0.0, 129.0)
(0.0, 129.0) (-1.03, 131.82)
(0.0, 129.0) (0.0, 132.0)
(0.0, 132.0) (1.03, 134.82)
(0.0, 132.0) (0.0, 135.0)
(0.0, 132.0) (1.03, 134.82)
(1.03, 134.82) (1.03, 137.82)
(1.03, 134.82) (2.05, 137.64)
(2.05, 137.64) (3.98, 139.94)
(2.05, 137.64) (3.08, 140.46)
(0.0, 132.0) (0.0, 135.0)
(0.0, 135.0) (-1.03, 137.82)
(0.0, 135.0) (0.0, 138.0)
(0.0, 138.0) (1.03, 140.82)
(0.0, 138.0) (0.0, 141.0)
(0.0, 96.0) (1.03, 98.82)
(1.03, 98.82) (1.03, 101.82)
(1.03, 98.82) (2.05, 101.64)
(2.05, 101.64) (3.98, 103.94)
(2.05, 101.64) (3.08, 104.46)
(2.05, 101.64) (2.05, 104.64)
(2.05, 104.64) (1.03, 107.46)
(2.05, 104.64) (2.05, 107.64)
(2.05, 107.64) (3.08, 110.46)
(2.05, 107.64) (2.05, 110.64)
(2.05, 101.64) (3.08, 104.46)
(3.08, 104.46) (3.08, 107.46)
(3.08, 104.46) (4.1, 107.28)
(4.1, 107.28) (6.03, 109.57)
(4.1, 107.28) (5.13, 110.1)
(4.1, 107.28) (6.03, 109.57)
(6.03, 109.57) (7.06, 112.39)
(6.03, 109.57) (7.96, 111.87)
(7.96, 111.87) (10.56, 113.37)
(7.96, 111.87) (9.89, 114.17)
(4.1, 107.28) (5.13, 110.1)
(5.13, 110.1) (5.13, 113.1)
(5.13, 110.1) (6.16, 112.91)
(6.16, 112.91) (8.08, 115.21)
(6.16, 112.91) (7.18, 115.73)
(4.1, 107.28) (4.1, 110.28)
(4.1, 110.28) (3.08, 113.1)
(4.1, 110.28) (4.1, 113.28)
(4.1, 113.28) (5.13, 116.1)
(4.1, 113.28) (4.1, 116.28)
(4.1, 113.28) (3.08, 116.1)
(3.08, 116.1) (1.15, 118.39)
(3.08, 116.1) (2.05, 118.91)
(2.05, 118.91) (2.05, 121.91)
(2.05, 118.91) (1.03, 121.73)
(4.1, 113.28) (4.1, 116.28)
(4.1, 116.28) (3.08, 119.1)
(4.1, 116.28) (4.1, 119.28)
(4.1, 119.28) (5.13, 122.1)
(4.1, 119.28) (4.1, 122.28)
(4.1, 119.28) (5.13, 122.1)
(5.13, 122.1) (5.13, 125.1)
(5.13, 122.1) (6.16, 124.91)
(6.16, 124.91) (8.08, 127.21)
(6.16, 124.91) (7.18, 127.73)
(4.1, 119.28) (4.1, 122.28)
(4.1, 122.28) (3.08, 125.1)
(4.1, 122.28) (4.1, 125.28)
(4.1, 125.28) (5.13, 128.1)
(4.1, 125.28) (4.1, 128.28)
(4.1, 107.28) (5.13, 110.1)
(5.13, 110.1) (5.13, 113.1)
(5.13, 110.1) (6.16, 112.91)
(6.16, 112.91) (8.08, 115.21)
(6.16, 112.91) (7.18, 115.73)
(6.16, 112.91) (6.16, 115.91)
(6.16, 115.91) (5.13, 118.73)
(6.16, 115.91) (6.16, 118.91)
(6.16, 118.91) (7.18, 121.73)
(6.16, 118.91) (6.16, 121.91)
(6.16, 112.91) (7.18, 115.73)
(7.18, 115.73) (7.18, 118.73)
(7.18, 115.73) (8.21, 118.55)
(8.21, 118.55) (10.14, 120.85)
(8.21, 118.55) (9.23, 121.37)
(8.21, 118.55) (10.14, 120.85)
(10.14, 120.85) (11.16, 123.67)
(10.14, 120.85) (12.07, 123.15)
(12.07, 123.15) (14.66, 124.65)
(12.07, 123.15) (13.99, 125.45)
(8.21, 118.55) (9.23, 121.37)
(9.23, 121.37) (9.23, 124.37)
(9.23, 121.37) (10.26, 124.19)
(10.26, 124.19) (12.19, 126.49)
(10.26, 124.19) (11.29, 127.01)
(8.21, 118.55) (10.14, 120.85)
(10.14, 120.85) (11.16, 123.67)
(10.14, 120.85) (12.07, 123.15)
(12.07, 123.15) (14.66, 124.65)
(12.07, 123.15) (13.99, 125.45)
(12.07, 123.15) (13.09, 125.97)
(13.09, 125.97) (13.09, 128.97)
(13.09, 125.97) (14.12, 128.79)
(14.12, 128.79) (16.05, 131.09)
(14.12, 128.79) (15.14, 131.61)
(12.07, 123.15) (13.99, 125.45)
(13.99, 125.45) (15.02, 128.27)
(13.99, 125.45) (15.92, 127.75)
(15.92, 127.75) (18.52, 129.25)
(15.92, 127.75) (17.85, 130.04)
(15.92, 127.75) (18.52, 129.25)
(18.52, 129.25) (20.45, 131.54)
(18.52, 129.25) (21.12, 130.75)
(21.12, 130.75) (24.07, 131.27)
(21.12, 130.75) (23.72, 132.25)
(15.92, 127.75) (17.85, 130.04)
(17.85, 130.04) (18.88, 132.86)
(17.85, 130.04) (19.78, 132.34)
(19.78, 132.34) (22.38, 133.84)
(19.78, 132.34) (21.71, 134.64)
(8.21, 118.55) (9.23, 121.37)
(9.23, 121.37) (9.23, 124.37)
(9.23, 121.37) (10.26, 124.19)
(10.26, 124.19) (12.19, 126.49)
(10.26, 124.19) (11.29, 127.01)
(10.26, 124.19) (10.26, 127.19)
(10.26, 127.19) (9.23, 130.01)
(10.26, 127.19) (10.26, 130.19)
(10.26, 130.19) (11.29, 133.01)
(10.26, 130.19) (10.26, 133.19)
(10.26, 124.19) (11.29, 127.01)
(11.29, 127.01) (11.29, 130.01)
(11.29, 127.01) (12.31, 129.83)
(12.31, 129.83) (14.24, 132.13)
(12.31, 129.83) (13.34, 132.65)
(12.31, 129.83) (14.24, 132.13)
(14.24, 132.13) (15.27, 134.95)
(14.24, 132.13) (16.17, 134.43)
(16.17, 134.43) (18.77, 135.93)
(16.17, 134.43) (18.1, 136.72)
(12.31, 129.83) (13.34, 132.65)
(13.34, 132.65) (13.34, 135.65)
(13.34, 132.65) (14.36, 135.47)
(14.36, 135.47) (16.29, 137.77)
(14.36, 135.47) (15.39, 138.29)
(8.21, 118.55) (8.21, 121.55)
(8.21, 121.55) (7.18, 124.37)
(8.21, 121.55) (8.21, 124.55)
(8.21, 124.55) (9.23, 127.37)
(8.21, 124.55) (8.21, 127.55)
(8.21, 124.55) (7.18, 127.37)
(7.18, 127.37) (5.25, 129.67)
(7.18, 127.37) (6.16, 130.19)
(6.16, 130.19) (6.16, 133.19)
(6.16, 130.19) (5.13, 133.01)
(8.21, 124.55) (8.21, 127.55)
(8.21, 127.55) (7.18, 130.37)
(8.21, 127.55) (8.21, 130.55)
(8.21, 130.55) (9.23, 133.37)
(8.21, 130.55) (8.21, 133.55)
(8.21, 130.55) (9.23, 133.37)
(9.23, 133.37) (9.23, 136.37)
(9.23, 133.37) (10.26, 136.19)
(10.26, 136.19) (12.19, 138.49)
(10.26, 136.19) (11.29, 139.01)
(8.21, 130.55) (8.21, 133.55)
(8.21, 133.55) (7.18, 136.37)
(8.21, 133.55) (8.21, 136.55)
(8.21, 136.55) (9.23, 139.37)
(8.21, 136.55) (8.21, 139.55)
(8.21, 130.55) (7.18, 133.37)
(7.18, 133.37) (5.25, 135.67)
(7.18, 133.37) (6.16, 136.19)
(6.16, 136.19) (6.16, 139.19)
(6.16, 136.19) (5.13, 139.01)
(6.16, 136.19) (4.23, 138.49)
(4.23, 138.49) (1.63, 139.99)
(4.23, 138.49) (2.3, 140.79)
(2.3, 140.79) (1.27, 143.61)
(2.3, 140.79) (0.37, 143.09)
(6.16, 136.19) (5.13, 139.01)
(5.13, 139.01) (3.2, 141.31)
(5.13, 139.01) (4.1, 141.83)
(4.1, 141.83) (4.1, 144.83)
(4.1, 141.83) (3.08, 144.65)
(4.1, 141.83) (4.1, 144.83)
(4.1, 144.83) (3.08, 147.65)
(4.1, 144.83) (4.1, 147.83)
(4.1, 147.83) (5.13, 150.65)
(4.1, 147.83) (4.1, 150.83)
(4.1, 141.83) (3.08, 144.65)
(3.08, 144.65) (1.15, 146.95)
(3.08, 144.65) (2.05, 147.47)
(2.05, 147.47) (2.05, 150.47)
(2.05, 147.47) (1.03, 150.29)
(8.21, 130.55) (8.21, 133.55)
(8.21, 133.55) (7.18, 136.37)
(8.21, 133.55) (8.21, 136.55)
(8.21, 136.55) (9.23, 139.37)
(8.21, 136.55) (8.21, 139.55)
(8.21, 136.55) (7.18, 139.37)
(7.18, 139.37) (5.25, 141.67)
(7.18, 139.37) (6.16, 142.19)
(6.16, 142.19) (6.16, 145.19)
(6.16, 142.19) (5.13, 145.01)
(8.21, 136.55) (8.21, 139.55)
(8.21, 139.55) (7.18, 142.37)
(8.21, 139.55) (8.21, 142.55)
(8.21, 142.55) (9.23, 145.37)
(8.21, 142.55) (8.21, 145.55)
(8.21, 142.55) (9.23, 145.37)
(9.23, 145.37) (9.23, 148.37)
(9.23, 145.37) (10.26, 148.19)
(10.26, 148.19) (12.19, 150.49)
(10.26, 148.19) (11.29, 151.01)
(8.21, 142.55) (8.21, 145.55)
(8.21, 145.55) (7.18, 148.37)
(8.21, 145.55) (8.21, 148.55)
(8.21, 148.55) (9.23, 151.37)
(8.21, 148.55) (8.21, 151.55)
(8.21, 142.55) (9.23, 145.37)
(9.23, 145.37) (9.23, 148.37)
(9.23, 145.37) (10.26, 148.19)
(10.26, 148.19) (12.19, 150.49)
(10.26, 148.19) (11.29, 151.01)
(10.26, 148.19) (10.26, 151.19)
(10.26, 151.19) (9.23, 154.01)
(10.26, 151.19) (10.26, 154.19)
(10.26, 154.19) (11.29, 157.01)
(10.26, 154.19) (10.26, 157.19)
(10.26, 148.19) (11.29, 151.01)
(11.29, 151.01) (11.29, 154.01)
(11.29, 151.01) (12.31, 153.83)
(12.31, 153.83) (14.24, 156.13)
(12.31, 153.83) (13.34, 156.65)
(12.31, 153.83) (14.24, 156.13)
(14.24, 156.13) (15.27, 158.95)
(14.24, 156.13) (16.17, 158.43)
(16.17, 158.43) (18.77, 159.93)
(16.17, 158.43) (18.1, 160.72)
(12.31, 153.83) (13.34, 156.65)
(13.34, 156.65) (13.34, 159.65)
(13.34, 156.65) (14.36, 159.47)
(14.36, 159.47) (16.29, 161.77)
(14.36, 159.47) (15.39, 162.29)
(8.21, 142.55) (8.21, 145.55)
(8.21, 145.55) (7.18, 148.37)
(8.21, 145.55) (8.21, 148.55)
(8.21, 148.55) (9.23, 151.37)
(8.21, 148.55) (8.21, 151.55)
(8.21, 148.55) (7.18, 151.37)
(7.18, 151.37) (5.25, 153.67)
(7.18, 151.37) (6.16, 154.19)
(6.16, 154.19) (6.16, 157.19)
(6.16, 154.19) (5.13, 157.01)
(8.21, 148.55) (8.21, 151.55)
(8.21, 151.55) (7.18, 154.37)
(8.21, 151.55) (8.21, 154.55)
(8.21, 154.55) (9.23, 157.37)
(8.21, 154.55) (8.21, 157.55)
(8.21, 154.55) (9.23, 157.37)
(9.23, 157.37) (9.23, 160.37)
(9.23, 157.37) (10.26, 160.19)
(10.26, 160.19) (12.19, 162.49)
(10.26, 160.19) (11.29, 163.01)
(8.21, 154.55) (8.21, 157.55)
(8.21, 157.55) (7.18, 160.37)
(8.21, 157.55) (8.21, 160.55)
(8.21, 160.55) (9.23, 163.37)
(8.21, 160.55) (8.21, 163.55)
(8.21, 118.55) (9.23, 121.37)
(9.23, 121.37) (9.23, 124.37)
(9.23, 121.37) (10.26, 124.19)
(10.26, 124.19) (12.19, 126.49)
(10.26, 124.19) (11.29, 127.01)
(10.26, 124.19) (10.26, 127.19)
(10.26, 127.19) (9.23, 130.01)
(10.26, 127.19) (10.26, 130.19)
(10.26, 130.19) (11.29, 133.01)
(10.26, 130.19) (10.26, 133.19)
(10.26, 124.19) (11.29, 127.01)
(11.29, 127.01) (11.29, 130.01)
(11.29, 127.01) (12.31, 129.83)
(12.31, 129.83) (14.24, 132.13)
(12.31, 129.83) (13.34, 132.65)
(12.31, 129.83) (14.24, 132.13)
(14.24, 132.13) (15.27, 134.95)
(14.24, 132.13) (16.17, 134.43)
(16.17, 134.43) (18.77, 135.93)
(16.17, 134.43) (18.1, 136.72)
(12.31, 129.83) (13.34, 132.65)
(13.34, 132.65) (13.34, 135.65)
(13.34, 132.65) (14.36, 135.47)
(14.36, 135.47) (16.29, 137.77)
(14.36, 135.47) (15.39, 138.29)
(12.31, 129.83) (12.31, 132.83)
(12.31, 132.83) (11.29, 135.65)
(12.31, 132.83) (12.31, 135.83)
(12.31, 135.83) (13.34, 138.65)
(12.31, 135.83) (12.31, 138.83)
(12.31, 135.83) (11.29, 138.65)
(11.29, 138.65) (9.36, 140.95)
(11.29, 138.65) (10.26, 141.47)
(10.26, 141.47) (10.26, 144.47)
(10.26, 141.47) (9.23, 144.29)
(12.31, 135.83) (12.31, 138.83)
(12.31, 138.83) (11.29, 141.65)
(12.31, 138.83) (12.31, 141.83)
(12.31, 141.83) (13.34, 144.65)
(12.31, 141.83) (12.31, 144.83)
(12.31, 141.83) (13.34, 144.65)
(13.34, 144.65) (13.34, 147.65)
(13.34, 144.65) (14.36, 147.47)
(14.36, 147.47) (16.29, 149.77)
(14.36, 147.47) (15.39, 150.29)
(12.31, 141.83) (12.31, 144.83)
(12.31, 144.83) (11.29, 147.65)
(12.31, 144.83) (12.31, 147.83)
(12.31, 147.83) (13.34, 150.65)
(12.31, 147.83) (12.31, 150.83)
(12.31, 129.83) (13.34, 132.65)
(13.34, 132.65) (13.34, 135.65)
(13.34, 132.65) (14.36, 135.47)
(14.36, 135.47) (16.29, 137.77)
(14.36, 135.47) (15.39, 138.29)
(14.36, 135.47) (14.36, 138.47)
(14.36, 138.47) (13.34, 141.29)
(14.36, 138.47) (14.36, 141.47)
(14.36, 141.47) (15.39, 144.29)
(14.36, 141.47) (14.36, 144.47)
(14.36, 135.47) (15.39, 138.29)
(15.39, 138.29) (15.39, 141.29)
(15.39, 138.29) (16.42, 141.11)
(16.42, 141.11) (18.35, 143.4)
(16.42, 141.11) (17.44, 143.92)
(16.42, 141.11) (18.35, 143.4)
(18.35, 143.4) (19.37, 146.22)
(18.35, 143.4) (20.27, 145.7)
(20.27, 145.7) (22.87, 147.2)
(20.27, 145.7) (22.2, 148.0)
(16.42, 141.11) (17.44, 143.92)
(17.44, 143.92) (17.44, 146.92)
(17.44, 143.92) (18.47, 146.74)
(18.47, 146.74) (20.4, 149.04)
(18.47, 146.74) (19.5, 149.56)
(16.42, 141.11) (18.35, 143.4)
(18.35, 143.4) (19.37, 146.22)
(18.35, 143.4) (20.27, 145.7)
(20.27, 145.7) (22.87, 147.2)
(20.27, 145.7) (22.2, 148.0)
(20.27, 145.7) (21.3, 148.52)
(21.3, 148.52) (21.3, 151.52)
(21.3, 148.52) (22.33, 151.34)
(22.33, 151.34) (24.25, 153.64)
(22.33, 151.34) (23.35, 154.16)
(20.27, 145.7) (22.2, 148.0)
(22.2, 148.0) (23.23, 150.82)
(22.2, 148.0) (24.13, 150.3)
(24.13, 150.3) (26.73, 151.8)
(24.13, 150.3) (26.06, 152.6)
(24.13, 150.3) (26.73, 151.8)
(26.73, 151.8) (28.66, 154.1)
(26.73, 151.8) (29.33, 153.3)
(29.33, 153.3) (32.28, 153.82)
(29.33, 153.3) (31.92, 154.8)
(24.13, 150.3) (26.06, 152.6)
(26.06, 152.6) (27.08, 155.41)
(26.06, 152.6) (27.99, 154.89)
(27.99, 154.89) (30.59, 156.39)
(27.99, 154.89) (29.92, 157.19)
(16.42, 141.11) (17.44, 143.92)
(17.44, 143.92) (17.44, 146.92)
(17.44, 143.92) (18.47, 146.74)
(18.47, 146.74) (20.4, 149.04)
(18.47, 146.74) (19.5, 149.56)
(18.47, 146.74) (18.47, 149.74)
(18.47, 149.74) (17.44, 152.56)
(18.47, 149.74) (18.47, 152.74)
(18.47, 152.74) (19.5, 155.56)
(18.47, 152.74) (18.47, 155.74)
(18.47, 146.74) (19.5, 149.56)
(19.5, 149.56) (19.5, 152.56)
(19.5, 149.56) (20.52, 152.38)
(20.52, 152.38) (22.45, 154.68)
(20.52, 152.38) (21.55, 155.2)
(20.52, 152.38) (22.45, 154.68)
(22.45, 154.68) (23.48, 157.5)
(22.45, 154.68) (24.38, 156.98)
(24.38, 156.98) (26.98, 158.48)
(24.38, 156.98) (26.31, 159.28)
(20.52, 152.38) (21.55, 155.2)
(21.55, 155.2) (21.55, 158.2)
(21.55, 155.2) (22.57, 158.02)
(22.57, 158.02) (24.5, 160.32)
(22.57, 158.02) (23.6, 160.84)
(16.42, 141.11) (18.35, 143.4)
(18.35, 143.4) (19.37, 146.22)
(18.35, 143.4) (20.27, 145.7)
(20.27, 145.7) (22.87, 147.2)
(20.27, 145.7) (22.2, 148.0)
(20.27, 145.7) (21.3, 148.52)
(21.3, 148.52) (21.3, 151.52)
(21.3, 148.52) (22.33, 151.34)
(22.33, 151.34) (24.25, 153.64)
(22.33, 151.34) (23.35, 154.16)
(20.27, 145.7) (22.2, 148.0)
(22.2, 148.0) (23.23, 150.82)
(22.2, 148.0) (24.13, 150.3)
(24.13, 150.3) (26.73, 151.8)
(24.13, 150.3) (26.06, 152.6)
(24.13, 150.3) (26.73, 151.8)
(26.73, 151.8) (28.66, 154.1)
(26.73, 151.8) (29.33, 153.3)
(29.33, 153.3) (32.28, 153.82)
(29.33, 153.3) (31.92, 154.8)
(24.13, 150.3) (26.06, 152.6)
(26.06, 152.6) (27.08, 155.41)
(26.06, 152.6) (27.99, 154.89)
(27.99, 154.89) (30.59, 156.39)
(27.99, 154.89) (29.92, 157.19)
(24.13, 150.3) (25.16, 153.12)
(25.16, 153.12) (25.16, 156.12)
(25.16, 153.12) (26.18, 155.94)
(26.18, 155.94) (28.11, 158.23)
(26.18, 155.94) (27.21, 158.76)
(26.18, 155.94) (26.18, 158.94)
(26.18, 158.94) (25.16, 161.76)
(26.18, 158.94) (26.18, 161.94)
(26.18, 161.94) (27.21, 164.76)
(26.18, 161.94) (26.18, 164.94)
(26.18, 155.94) (27.21, 158.76)
(27.21, 158.76) (27.21, 161.76)
(27.21, 158.76) (28.23, 161.57)
(28.23, 161.57) (30.16, 163.87)
(28.23, 161.57) (29.26, 164.39)
(28.23, 161.57) (30.16, 163.87)
(30.16, 163.87) (31.19, 166.69)
(30.16, 163.87) (32.09, 166.17)
(32.09, 166.17) (34.69, 167.67)
(32.09, 166.17) (34.02, 168.47)
(28.23, 161.57) (29.26, 164.39)
(29.26, 164.39) (29.26, 167.39)
(29.26, 164.39) (30.29, 167.21)
(30.29, 167.21) (32.22, 169.51)
(30.29, 167.21) (31.31, 170.03)
(24.13, 150.3) (26.06, 152.6)
(26.06, 152.6) (27.08, 155.41)
(26.06, 152.6) (27.99, 154.89)
(27.99, 154.89) (30.59, 156.39)
(27.99, 154.89) (29.92, 157.19)
(27.99, 154.89) (29.01, 157.71)
(29.01, 157.71) (29.01, 160.71)
(29.01, 157.71) (30.04, 160.53)
(30.04, 160.53) (31.97, 162.83)
(30.04, 160.53) (31.07, 163.35)
(27.99, 154.89) (29.92, 157.19)
(29.92, 157.19) (30.94, 160.01)
(29.92, 157.19) (31.84, 159.49)
(31.84, 159.49) (34.44, 160.99)
(31.84, 159.49) (33.77, 161.79)
(31.84, 159.49) (34.44, 160.99)
(34.44, 160.99) (36.37, 163.29)
(34.44, 160.99) (37.04, 162.49)
(37.04, 162.49) (39.99, 163.01)
(37.04, 162.49) (39.64, 163.99)
(31.84, 159.49) (33.77, 161.79)
(33.77, 161.79) (34.8, 164.61)
(33.77, 161.79) (35.7, 164.09)
(35.7, 164.09) (38.3, 165.59)
(35.7, 164.09) (37.63, 166.38)
(31.84, 159.49) (34.44, 160.99)
(34.44, 160.99) (36.37, 163.29)
(34.44, 160.99) (37.04, 162.49)
(37.04, 162.49) (39.99, 163.01)
(37.04, 162.49) (39.64, 163.99)
(37.04, 162.49) (38.97, 164.79)
(38.97, 164.79) (39.99, 167.61)
(38.97, 164.79) (40.9, 167.09)
(40.9, 167.09) (43.49, 168.59)
(40.9, 167.09) (42.83, 169.38)
(37.04, 162.49) (39.64, 163.99)
(39.64, 163.99) (41.57, 166.29)
(39.64, 163.99) (42.24, 165.49)
(42.24, 165.49) (45.19, 166.01)
(42.24, 165.49) (44.83, 166.99)
(42.24, 165.49) (45.19, 166.01)
(45.19, 166.01) (47.79, 167.51)
(45.19, 166.01) (48.15, 166.53)
(48.15, 166.53) (51.1, 166.01)
(48.15, 166.53) (51.1, 167.05)
(42.24, 165.49) (44.83, 166.99)
(44.83, 166.99) (46.76, 169.29)
(44.83, 166.99) (47.43, 168.49)
(47.43, 168.49) (50.39, 169.01)
(47.43, 168.49) (50.03, 169.99)
(31.84, 159.49) (33.77, 161.79)
(33.77, 161.79) (34.8, 164.61)
(33.77, 161.79) (35.7, 164.09)
(35.7, 164.09) (38.3, 165.59)
(35.7, 164.09) (37.63, 166.38)
(35.7, 164.09) (36.73, 166.91)
(36.73, 166.91) (36.73, 169.91)
(36.73, 166.91) (37.75, 169.72)
(37.75, 169.72) (39.68, 172.02)
(37.75, 169.72) (38.78, 172.54)
(35.7, 164.09) (37.63, 166.38)
(37.63, 166.38) (38.66, 169.2)
(37.63, 166.38) (39.56, 168.68)
(39.56, 168.68) (42.16, 170.18)
(39.56, 168.68) (41.49, 170.98)
(39.56, 168.68) (42.16, 170.18)
(42.16, 170.18) (44.08, 172.48)
(42.16, 170.18) (44.75, 171.68)
(44.75, 171.68) (47.71, 172.2)
(44.75, 171.68) (47.35, 173.18)
(39.56, 168.68) (41.49, 170.98)
(41.49, 170.98) (42.51, 173.8)
(41.49, 170.98) (43.41, 173.28)
(43.41, 173.28) (46.01, 174.78)
(43.41, 173.28) (45.34, 175.58)
(16.42, 141.11) (17.44, 143.92)
(17.44, 143.92) (17.44, 146.92)
(17.44, 143.92) (18.47, 146.74)
(18.47, 146.74) (20.4, 149.04)
(18.47, 146.74) (19.5, 149.56)
(18.47, 146.74) (18.47, 149.74)
(18.47, 149.74) (17.44, 152.56)
(18.47, 149.74) (18.47, 152.74)
(18.47, 152.74) (19.5, 155.56)
(18.47, 152.74) (18.47, 155.74)
(18.47, 146.74) (19.5, 149.56)
(19.5, 149.56) (19.5, 152.56)
(19.5, 149.56) (20.52, 152.38)
(20.52, 152.38) (22.45, 154.68)
(20.52, 152.38) (21.55, 155.2)
(20.52, 152.38) (22.45, 154.68)
(22.45, 154.68) (23.48, 157.5)
(22.45, 154.68) (24.38, 156.98)
(24.38, 156.98) (26.98, 158.48)
(24.38, 156.98) (26.31, 159.28)
(20.52, 152.38) (21.55, 155.2)
(21.55, 155.2) (21.55, 158.2)
(21.55, 155.2) (22.57, 158.02)
(22.57, 158.02) (24.5, 160.32)
(22.57, 158.02) (23.6, 160.84)
(20.52, 152.38) (20.52, 155.38)
(20.52, 155.38) (19.5, 158.2)
(20.52, 155.38) (20.52, 158.38)
(20.52, 158.38) (21.55, 161.2)
(20.52, 158.38) (20.52, 161.38)
(20.52, 158.38) (19.5, 161.2)
(19.5, 161.2) (17.57, 163.5)
(19.5, 161.2) (18.47, 164.02)
(18.47, 164.02) (18.47, 167.02)
(18.47, 164.02) (17.44, 166.84)
(20.52, 158.38) (20.52, 161.38)
(20.52, 161.38) (19.5, 164.2)
(20.52, 161.38) (20.52, 164.38)
(20.52, 164.38) (21.55, 167.2)
(20.52, 164.38) (20.52, 167.38)
(20.52, 164.38) (21.55, 167.2)
(21.55, 167.2) (21.55, 170.2)
(21.55, 167.2) (22.57, 170.02)
(22.57, 170.02) (24.5, 172.32)
(22.57, 170.02) (23.6, 172.84)
(20.52, 164.38) (20.52, 167.38)
(20.52, 167.38) (19.5, 170.2)
(20.52, 167.38) (20.52, 170.38)
(20.52, 170.38) (21.55, 173.2)
(20.52, 170.38) (20.52, 173.38)
(20.52, 152.38) (21.55, 155.2)
(21.55, 155.2) (21.55, 158.2)
(21.55, 155.2) (22.57, 158.02)
(22.57, 158.02) (24.5, 160.32)
(22.57, 158.02) (23.6, 160.84)
(22.57, 158.02) (22.57, 161.02)
(22.57, 161.02) (21.55, 163.84)
(22.57, 161.02) (22.57, 164.02)
(22.57, 164.02) (23.6, 166.84)
(22.57, 164.02) (22.57, 167.02)
(22.57, 158.02) (23.6, 160.84)
(23.6, 160.84) (23.6, 163.84)
(23.6, 160.84) (24.63, 163.66)
(24.63, 163.66) (26.55, 165.96)
(24.63, 163.66) (25.65, 166.48)
(24.63, 163.66) (26.55, 165.96)
(26.55, 165.96) (27.58, 168.78)
(26.55, 165.96) (28.48, 168.25)
(28.48, 168.25) (31.08, 169.75)
(28.48, 168.25) (30.41, 170.55)
(24.63, 163.66) (25.65, 166.48)
(25.65, 166.48) (25.65, 169.48)
(25.65, 166.48) (26.68, 169.3)
(26.68, 169.3) (28.61, 171.59)
(26.68, 169.3) (27.7, 172.12)
(24.63, 163.66) (26.55, 165.96)
(26.55, 165.96) (27.58, 168.78)
(26.55, 165.96) (28.48, 168.25)
(28.48, 168.25) (31.08, 169.75)
(28.48, 168.25) (30.41, 170.55)
(28.48, 168.25) (29.51, 171.07)
(29.51, 171.07) (29.51, 174.07)
(29.51, 171.07) (30.53, 173.89)
(30.53, 173.89) (32.46, 176.19)
(30.53, 173.89) (31.56, 176.71)
(28.48, 168.25) (30.41, 170.55)
(30.41, 170.55) (31.44, 173.37)
(30.41, 170.55) (32.34, 172.85)
(32.34, 172.85) (34.94, 174.35)
(32.34, 172.85) (34.27, 175.15)
(32.34, 172.85) (34.94, 174.35)
(34.94, 174.35) (36.87, 176.65)
(34.94, 174.35) (37.54, 175.85)
(37.54, 175.85) (40.49, 176.37)
(37.54, 175.85) (40.13, 177.35)
(32.34, 172.85) (34.27, 175.15)
(34.27, 175.15) (35.29, 177.97)
(34.27, 175.15) (36.2, 177.45)
(36.2, 177.45) (38.79, 178.95)
(36.2, 177.45) (38.12, 179.74)
(24.63, 163.66) (25.65, 166.48)
(25.65, 166.48) (25.65, 169.48)
(25.65, 166.48) (26.68, 169.3)
(26.68, 169.3) (28.61, 171.59)
(26.68, 169.3) (27.7, 172.12)
(26.68, 169.3) (26.68, 172.3)
(26.68, 172.3) (25.65, 175.12)
(26.68, 172.3) (26.68, 175.3)
(26.68, 175.3) (27.7, 178.12)
(26.68, 175.3) (26.68, 178.3)
(26.68, 169.3) (27.7, 172.12)
(27.7, 172.12) (27.7, 175.12)
(27.7, 172.12) (28.73, 174.93)
(28.73, 174.93) (30.66, 177.23)
(28.73, 174.93) (29.76, 177.75)
(28.73, 174.93) (30.66, 177.23)
(30.66, 177.23) (31.68, 180.05)
(30.66, 177.23) (32.59, 179.53)
(32.59, 179.53) (35.18, 181.03)
(32.59, 179.53) (34.51, 181.83)
(28.73, 174.93) (29.76, 177.75)
(29.76, 177.75) (29.76, 180.75)
(29.76, 177.75) (30.78, 180.57)
(30.78, 180.57) (32.71, 182.87)
(30.78, 180.57) (31.81, 183.39)
(0.0, 96.0) (0.0, 99.0)
(0.0, 99.0) (-1.03, 101.82)
(0.0, 99.0) (0.0, 102.0)
(0.0, 102.0) (1.03, 104.82)
(0.0, 102.0) (0.0, 105.0)
(0.0, 102.0) (-1.03, 104.82)
(-1.03, 104.82) (-2.95, 107.12)
(-1.03, 104.82) (-2.05, 107.64)
(-2.05, 107.64) (-2.05, 110.64)
(-2.05, 107.64) (-3.08, 110.46)
(0.0, 102.0) (0.0, 105.0)
(0.0, 105.0) (-1.03, 107.82)
(0.0, 105.0) (0.0, 108.0)
(0.0, 108.0) (1.03, 110.82)
(0.0, 108.0) (0.0, 111.0)
(0.0, 108.0) (1.03, 110.82)
(1.03, 110.82) (1.03, 113.82)
(1.03, 110.82) (2.05, 113.64)
(2.05, 113.64) (3.98, 115.94)
(2.05, 113.64) (3.08, 116.46)
(0.0, 108.0) (0.0, 111.0)
(0.0, 111.0) (-1.03, 113.82)
(0.0, 111.0) (0.0, 114.0)
(0.0, 114.0) (1.03, 116.82)
(0.0, 114.0) (0.0, 117.0)
(0.0, 108.0) (-1.03, 110.82)
(-1.03, 110.82) (-2.95, 113.12)
(-1.03, 110.82) (-2.05, 113.64)
(-2.05, 113.64) (-2.05, 116.64)
(-2.05, 113.64) (-3.08, 116.46)
(-2.05, 113.64) (-3.98, 115.94)
(-3.98, 115.94) (-6.58, 117.44)
(-3.98, 115.94) (-5.91, 118.23)
(-5.91, 118.23) (-6.93, 121.05)
(-5.91, 118.23) (-7.84, 120.53)
(-2.05, 113.64) (-3.08, 116.46)
(-3.08, 116.46) (-5.01, 118.76)
(-3.08, 116.46) (-4.1, 119.28)
(-4.1, 119.28) (-4.1, 122.28)
(-4.1, 119.28) (-5.13, 122.1)
(-4.1, 119.28) (-4.1, 122.28)
(-4.1, 122.28) (-5.13, 125.1)
(-4.1, 122.28) (-4.1, 125.28)
(-4.1, 125.28) (-3.08, 128.1)
(-4.1, 125.28) (-4.1, 128.28)
(-4.1, 119.28) (-5.13, 122.1)
(-5.13, 122.1) (-7.06, 124.39)
(-5.13, 122.1) (-6.16, 124.91)
(-6.16, 124.91) (-6.16, 127.91)
(-6.16, 124.91) (-7.18, 127.73)
(0.0, 108.0) (0.0, 111.0)
(0.0, 111.0) (-1.03, 113.82)
(0.0, 111.0) (0.0, 114.0)
(0.0, 114.0) (1.03, 116.82)
(0.0, 114.0) (0.0, 117.0)
(0.0, 114.0) (-1.03, 116.82)
(-1.03, 116.82) (-2.95, 119.12)
(-1.03, 116.82) (-2.05, 119.64)
(-2.05, 119.64) (-2.05, 122.64)
(-2.05, 119.64) (-3.08, 122.46)
(0.0, 114.0) (0.0, 117.0)
(0.0, 117.0) (-1.03, 119.82)
(0.0, 117.0) (0.0, 120.0)
(0.0, 120.0) (1.03, 122.82)
(0.0, 120.0) (0.0, 123.0)
(0.0, 120.0) (1.03, 122.82)
(1.03, 122.82) (1.03, 125.82)
(1.03, 122.82) (2.05, 125.64)
(2.05, 125.64) (3.98, 127.94)
(2.05, 125.64) (3.08, 128.46)
(0.0, 120.0) (0.0, 123.0)
(0.0, 123.0) (-1.03, 125.82)
(0.0, 123.0) (0.0, 126.0)
(0.0, 126.0) (1.03, 128.82)
(0.0, 126.0) (0.0, 129.0)
(0.0, 120.0) (1.03, 122.82)
(1.03, 122.82) (1.03, 125.82)
(1.03, 122.82) (2.05, 125.64)
(2.05, 125.64) (3.98, 127.94)
(2.05, 125.64) (3.08, 128.46)
(2.05, 125.64) (2.05, 128.64)
(2.05, 128.64) (1.03, 131.46)
(2.05, 128.64) (2.05, 131.64)
(2.05, 131.64) (3.08, 134.46)
(2.05, 131.64) (2.05, 134.64)
(2.05, 125.64) (3.08, 128.46)
(3.08, 128.46) (3.08, 131.46)
(3.08, 128.46) (4.1, 131.28)
(4.1, 131.28) (6.03, 133.57)
(4.1, 131.28) (5.13, 134.1)
(4.1, 131.28) (6.03, 133.57)
(6.03, 133.57) (7.06, 136.39)
(6.03, 133.57) (7.96, 135.87)
(7.96, 135.87) (10.56, 137.37)
(7.96, 135.87) (9.89, 138.17)
(4.1, 131.28) (5.13, 134.1)
(5.13, 134.1) (5.13, 137.1)
(5.13, 134.1) (6.16, 136.91)
(6.16, 136.91) (8.08, 139.21)
(6.16, 136.91) (7.18, 139.73)
(0.0, 120.0) (0.0, 123.0)
(0.0, 123.0) (-1.03, 125.82)
(0.0, 123.0) (0.0, 126.0)
(0.0, 126.0) (1.03, 128.82)
(0.0, 126.0) (0.0, 129.0)
(0.0, 126.0) (-1.03, 128.82)
(-1.03, 128.82) (-2.95, 131.12)
(-1.03, 128.82) (-2.05, 131.64)
(-2.05, 131.64) (-2.05, 134.64)
(-2.05, 131.64) (-3.08, 134.46)
(0.0, 126.0) (0.0, 129.0)
(0.0, 129.0) (-1.03, 131.82)
(0.0, 129.0) (0.0, 132.0)
(0.0, 132.0) (1.03, 134.82)
(0.0, 132.0) (0.0, 135.0)
(0.0, 132.0) (1.03, 134.82)
(1.03, 134.82) (1.03, 137.82)
(1.03, 134.82) (2.05, 137.64)
(2.05, 137.64) (3.98, 139.94)
(2.05, 137.64) (3.08, 140.46)
(0.0, 132.0) (0.0, 135.0)
(0.0, 135.0) (-1.03, 137.82)
(0.0, 135.0) (0.0, 138.0)
(0.0, 138.0) (1.03, 140.82)
(0.0, 138.0) (0.0, 141.0)
(0.0, 120.0) (-1.03, 122.82)
(-1.03, 122.82) (-2.95, 125.12)
(-1.03, 122.82) (-2.05, 125.64)
(-2.05, 125.64) (-2.05, 128.64)
(-2.05, 125.64) (-3.08, 128.46)
(-2.05, 125.64) (-3.98, 127.94)
(-3.98, 127.94) (-6.58, 129.44)
(-3.98, 127.94) (-5.91, 130.23)
(-5.91, 130.23) (-6.93, 133.05)
(-5.91, 130.23) (-7.84, 132.53)
(-2.05, 125.64) (-3.08, 128.46)
(-3.08, 128.46) (-5.01, 130.76)
(-3.08, 128.46) (-4.1, 131.28)
(-4.1, 131.28) (-4.1, 134.28)
(-4.1, 131.28) (-5.13, 134.1)
(-4.1, 131.28) (-4.1, 134.28)
(-4.1, 134.28) (-5.13, 137.1)
(-4.1, 134.28) (-4.1, 137.28)
(-4.1, 137.28) (-3.08, 140.1)
(-4.1, 137.28) (-4.1, 140.28)
(-4.1, 131.28) (-5.13, 134.1)
(-5.13, 134.1) (-7.06, 136.39)
(-5.13, 134.1) (-6.16, 136.91)
(-6.16, 136.91) (-6.16, 139.91)
(-6.16, 136.91) (-7.18, 139.73)
(-4.1, 131.28) (-6.03, 133.57)
(-6.03, 133.57) (-8.63, 135.07)
(-6.03, 133.57) (-7.96, 135.87)
(-7.96, 135.87) (-8.99, 138.69)
(-7.96, 135.87) (-9.89, 138.17)
(-7.96, 135.87) (-10.56, 137.37)
(-10.56, 137.37) (-13.51, 137.89)
(-10.56, 137.37) (-13.16, 138.87)
(-13.16, 138.87) (-15.09, 141.17)
(-13.16, 138.87) (-15.76, 140.37)
(-7.96, 135.87) (-9.89, 138.17)
(-9.89, 138.17) (-12.49, 139.67)
(-9.89, 138.17) (-11.82, 140.47)
(-11.82, 140.47) (-12.84, 143.29)
(-11.82, 140.47) (-13.75, 142.77)
(-11.82, 140.47) (-12.84, 143.29)
(-12.84, 143.29) (-14.77, 145.59)
(-12.84, 143.29) (-13.87, 146.11)
(-13.87, 146.11) (-13.87, 149.11)
(-13.87, 146.11) (-14.9, 148.93)
(-11.82, 140.47) (-13.75, 142.77)
(-13.75, 142.77) (-16.34, 144.27)
(-13.75, 142.77) (-15.67, 145.07)
(-15.67, 145.07) (-16.7, 147.88)
(-15.67, 145.07) (-17.6, 147.36)
(-4.1, 131.28) (-5.13, 134.1)
(-5.13, 134.1) (-7.06, 136.39)
(-5.13, 134.1) (-6.16, 136.91)
(-6.16, 136.91) (-6.16, 139.91)
(-6.16, 136.91) (-7.18, 139.73)
(-6.16, 136.91) (-8.08, 139.21)
(-8.08, 139.21) (-10.68, 140.71)
(-8.08, 139.21) (-10.01, 141.51)
(-10.01, 141.51) (-11.04, 144.33)
(-10.01, 141.51) (-11.94, 143.81)
(-6.16, 136.91) (-7.18, 139.73)
(-7.18, 139.73) (-9.11, 142.03)
(-7.18, 139.73) (-8.21, 142.55)
(-8.21, 142.55) (-8.21, 145.55)
(-8.21, 142.55) (-9.23, 145.37)
(-8.21, 142.55) (-8.21, 145.55)
(-8.21, 145.55) (-9.23, 148.37)
(-8.21, 145.55) (-8.21, 148.55)
(-8.21, 148.55) (-7.18, 151.37)
(-8.21, 148.55) (-8.21, 151.55)
(-8.21, 142.55) (-9.23, 145.37)
(-9.23, 145.37) (-11.16, 147.67)
(-9.23, 145.37) (-10.26, 148.19)
(-10.26, 148.19) (-10.26, 151.19)
(-10.26, 148.19) (-11.29, 151.01)
(-8.21, 142.55) (-8.21, 145.55)
(-8.21, 145.55) (-9.23, 148.37)
(-8.21, 145.55) (-8.21, 148.55)
(-8.21, 148.55) (-7.18, 151.37)
(-8.21, 148.55) (-8.21, 151.55)
(-8.21, 148.55) (-9.23, 151.37)
(-9.23, 151.37) (-11.16, 153.67)
(-9.23, 151.37) (-10.26, 154.19)
(-10.26, 154.19) (-10.26, 157.19)
(-10.26, 154.19) (-11.29, 157.01)
(-8.21, 148.55) (-8.21, 151.55)
(-8.21, 151.55) (-9.23, 154.37)
(-8.21, 151.55) (-8.21, 154.55)
(-8.21, 154.55) (-7.18, 157.37)
(-8.21, 154.55) (-8.21, 157.55)
(-8.21, 154.55) (-7.18, 157.37)
(-7.18, 157.37) (-7.18, 160.37)
(-7.18, 157.37) (-6.16, 160.19)
(-6.16, 160.19) (-4.23, 162.49)
(-6.16, 160.19) (-5.13, 163.01)
(-8.21, 154.55) (-8.21, 157.55)
(-8.21, 157.55) (-9.23, 160.37)
(-8.21, 157.55) (-8.21, 160.55)
(-8.21, 160.55) (-7.18, 163.37)
(-8.21, 160.55) (-8.21, 163.55)
(-8.21, 142.55) (-9.23, 145.37)
(-9.23, 145.37) (-11.16, 147.67)
(-9.23, 145.37) (-10.26, 148.19)
(-10.26, 148.19) (-10.26, 151.19)
(-10.26, 148.19) (-11.29, 151.01)
(-10.26, 148.19) (-12.19, 150.49)
(-12.19, 150.49) (-14.79, 151.99)
(-12.19, 150.49) (-14.12, 152.79)
(-14.12, 152.79) (-15.14, 155.61)
(-14.12, 152.79) (-16.05, 155.09)
(-10.26, 148.19) (-11.29, 151.01)
(-11.29, 151.01) (-13.22, 153.31)
(-11.29, 151.01) (-12.31, 153.83)
(-12.31, 153.83) (-12.31, 156.83)
(-12.31, 153.83) (-13.34, 156.65)
(-12.31, 153.83) (-12.31, 156.83)
(-12.31, 156.83) (-13.34, 159.65)
(-12.31, 156.83) (-12.31, 159.83)
(-12.31, 159.83) (-11.29, 162.65)
(-12.31, 159.83) (-12.31, 162.83)
(-12.31, 153.83) (-13.34, 156.65)
(-13.34, 156.65) (-15.27, 158.95)
(-13.34, 156.65) (-14.36, 159.47)
(-14.36, 159.47) (-14.36, 162.47)
(-14.36, 159.47) (-15.39, 162.29)
(0.0, 120.0) (0.0, 123.0)
(0.0, 123.0) (-1.03, 125.82)
(0.0, 123.0) (0.0, 126.0)
(0.0, 126.0) (1.03, 128.82)
(0.0, 126.0) (0.0, 129.0)
(0.0, 126.0) (-1.03, 128.82)
(-1.03, 128.82) (-2.95, 131.12)
(-1.03, 128.82) (-2.05, 131.64)
(-2.05, 131.64) (-2.05, 134.64)
(-2.05, 131.64) (-3.08, 134.46)
(0.0, 126.0) (0.0, 129.0)
(0.0, 129.0) (-1.03, 131.82)
(0.0, 129.0) (0.0, 132.0)
(0.0, 132.0) (1.03, 134.82)
(0.0, 132.0) (0.0, 135.0)
(0.0, 132.0) (1.03, 134.82)
(1.03, 134.82) (1.03, 137.82)
(1.03, 134.82) (2.05, 137.64)
(2.05, 137.64) (3.98, 139.94)
(2.05, 137.64) (3.08, 140.46)
(0.0, 132.0) (0.0, 135.0)
(0.0, 135.0) (-1.03, 137.82)
(0.0, 135.0) (0.0, 138.0)
(0.0, 138.0) (1.03, 140.82)
(0.0, 138.0) (0.0, 141.0)
(0.0, 132.0) (-1.03, 134.82)
(-1.03, 134.82) (-2.95, 137.12)
(-1.03, 134.82) (-2.05, 137.64)
(-2.05, 137.64) (-2.05, 140.64)
(-2.05, 137.64) (-3.08, 140.46)
(-2.05, 137.64) (-3.98, 139.94)
(-3.98, 139.94) (-6.58, 141.44)
(-3.98, 139.94) (-5.91, 142.23)
(-5.91, 142.23) (-6.93, 145.05)
(-5.91, 142.23) (-7.84, 144.53)
(-2.05, 137.64) (-3.08, 140.46)
(-3.08, 140.46) (-5.01, 142.76)
(-3.08, 140.46) (-4.1, 143.28)
(-4.1, 143.28) (-4.1, 146.28)
(-4.1, 143.28) (-5.13, 146.1)
(-4.1, 143.28) (-4.1, 146.28)
(-4.1, 146.28) (-5.13, 149.1)
(-4.1, 146.28) (-4.1, 149.28)
(-4.1, 149.28) (-3.08, 152.1)
(-4.1, 149.28) (-4.1, 152.28)
(-4.1, 143.28) (-5.13, 146.1)
(-5.13, 146.1) (-7.06, 148.39)
(-5.13, 146.1) (-6.16, 148.91)
(-6.16, 148.91) (-6.16, 151.91)
(-6.16, 148.91) (-7.18, 151.73)
(0.0, 132.0) (0.0, 135.0)
(0.0, 135.0) (-1.03, 137.82)
(0.0, 135.0) (0.0, 138.0)
(0.0, 138.0) (1.03, 140.82)
(0.0, 138.0) (0.0, 141.0)
(0.0, 138.0) (-1.03, 140.82)
(-1.03, 140.82) (-2.95, 143.12)
(-1.03, 140.82) (-2.05, 143.64)
(-2.05, 143.64) (-2.05, 146.64)
(-2.05, 143.64) (-3.08, 146.46)
(0.0, 138.0) (0.0, 141.0)
(0.0, 141.0) (-1.03, 143.82)
(0.0, 141.0) (0.0, 144.0)
(0.0, 144.0) (1.03, 146.82)
(0.0, 144.0) (0.0, 147.0)
(0.0, 144.0) (1.03, 146.82)
(1.03, 146.82) (1.03, 149.82)
(1.03, 146.82) (2.05, 149.64)
(2.05, 149.64) (3.98, 151.94)
(2.05, 149.64) (3.08, 152.46)
(0.0, 144.0) (0.0, 147.0)
(0.0, 147.0) (-1.03, 149.82)
(0.0, 147.0) (0.0, 150.0)
(0.0, 150.0) (1.03, 152.82)
(0.0, 150.0) (0.0, 153.0)
(0.0, 144.0) (1.03, 146.82)
(1.03, 146.82) (1.03, 149.82)
(1.03, 146.82) (2.05, 149.64)
(2.05, 149.64) (3.98, 151.94)
(2.05, 149.64) (3.08, 152.46)
(2.05, 149.64) (2.05, 152.64)
(2.05, 152.64) (1.03, 155.46)
(2.05, 152.64) (2.05, 155.64)
(2.05, 155.64) (3.08, 158.46)
(2.05, 155.64) (2.05, 158.64)
(2.05, 149.64) (3.08, 152.46)
(3.08, 152.46) (3.08, 155.46)
(3.08, 152.46) (4.1, 155.28)
(4.1, 155.28) (6.03, 157.57)
(4.1, 155.28) (5.13, 158.1)
(4.1, 155.28) (6.03, 157.57)
(6.03, 157.57) (7.06, 160.39)
(6.03, 157.57) (7.96, 159.87)
(7.96, 159.87) (10.56, 161.37)
(7.96, 159.87) (9.89, 162.17)
(4.1, 155.28) (5.13, 158.1)
(5.13, 158.1) (5.13, 161.1)
(5.13, 158.1) (6.16, 160.91)
(6.16, 160.91) (8.08, 163.21)
(6.16, 160.91) (7.18, 163.73)
(0.0, 144.0) (0.0, 147.0)
(0.0, 147.0) (-1.03, 149.82)
(0.0, 147.0) (0.0, 150.0)
(0.0, 150.0) (1.03, 152.82)
(0.0, 150.0) (0.0, 153.0)
(0.0, 150.0) (-1.03, 152.82)
(-1.03, 152.82) (-2.95, 155.12)
(-1.03, 152.82) (-2.05, 155.64)
(-2.05, 155.64) (-2.05, 158.64)
(-2.05, 155.64) (-3.08, 158.46)
(0.0, 150.0) (0.0, 153.0)
(0.0, 153.0) (-1.03, 155.82)
(0.0, 153.0) (0.0, 156.0)
(0.0, 156.0) (1.03, 158.82)
(0.0, 156.0) (0.0, 159.0)
(0.0, 156.0) (1.03, 158.82)
(1.03, 158.82) (1.03, 161.82)
(1.03, 158.82) (2.05, 161.64)
(2.05, 161.64) (3.98, 163.94)
(2.05, 161.64) (3.08, 164.46)
(0.0, 156.0) (0.0, 159.0)
(0.0, 159.0) (-1.03, 161.82)
(0.0, 159.0) (0.0, 162.0)
(0.0, 162.0) (1.03, 164.82)
(0.0, 162.0) (0.0, 165.0)
(0.0, 144.0) (1.03, 146.82)
(1.03, 146.82) (1.03, 149.82)
(1.03, 146.82) (2.05, 149.64)
(2.05, 149.64) (3.98, 151.94)
(2.05, 149.64) (3.08, 152.46)
(2.05, 149.64) (2.05, 152.64)
(2.05, 152.64) (1.03, 155.46)
(2.05, 152.64) (2.05, 155.64)
(2.05, 155.64) (3.08, 158.46)
(2.05, 155.64) (2.05, 158.64)
(2.05, 149.64) (3.08, 152.46)
(3.08, 152.46) (3.08, 155.46)
(3.08, 152.46) (4.1, 155.28)
(4.1, 155.28) (6.03, 157.57)
(4.1, 155.28) (5.13, 158.1)
(4.1, 155.28) (6.03, 157.57)
(6.03, 157.57) (7.06, 160.39)
(6.03, 157.57) (7.96, 159.87)
(7.96, 159.87) (10.56, 161.37)
(7.96, 159.87) (9.89, 162.17)
(4.1, 155.28) (5.13, 158.1)
(5.13, 158.1) (5.13, 161.1)
(5.13, 158.1) (6.16, 160.91)
(6.16, 160.91) (8.08, 163.21)
(6.16, 160.91) (7.18, 163.73)
(4.1, 155.28) (4.1, 158.28)
(4.1, 158.28) (3.08, 161.1)
(4.1, 158.28) (4.1, 161.28)
(4.1, 161.28) (5.13, 164.1)
(4.1, 161.28) (4.1, 164.28)
(4.1, 161.28) (3.08, 164.1)
(3.08, 164.1) (1.15, 166.39)
(3.08, 164.1) (2.05, 166.91)
(2.05, 166.91) (2.05, 169.91)
(2.05, 166.91) (1.03, 169.73)
(4.1, 161.28) (4.1, 164.28)
(4.1, 164.28) (3.08, 167.1)
(4.1, 164.28) (4.1, 167.28)
(4.1, 167.28) (5.13, 170.1)
(4.1, 167.28) (4.1, 170.28)
(4.1, 167.28) (5.13, 170.1)
(5.13, 170.1) (5.13, 173.1)
(5.13, 170.1) (6.16, 172.91)
(6.16, 172.91) (8.08, 175.21)
(6.16, 172.91) (7.18, 175.73)
(4.1, 167.28) (4.1, 170.28)
(4.1, 170.28) (3.08, 173.1)
(4.1, 170.28) (4.1, 173.28)
(4.1, 173.28) (5.13, 176.1)
(4.1, 173.28) (4.1, 176.28)
(4.1, 155.28) (5.13, 158.1)
(5.13, 158.1) (5.13, 161.1)
(5.13, 158.1) (6.16, 160.91)
(6.16, 160.91) (8.08, 163.21)
(6.16, 160.91) (7.18, 163.73)
(6.16, 160.91) (6.16, 163.91)
(6.16, 163.91) (5.13, 166.73)
(6.16, 163.91) (6.16, 166.91)
(6.16, 166.91) (7.18, 169.73)
(6.16, 166.91) (6.16, 169.91)
(6.16, 160.91) (7.18, 163.73)
(7.18, 163.73) (7.18, 166.73)
(7.18, 163.73) (8.21, 166.55)
(8.21, 166.55) (10.14, 168.85)
(8.21, 166.55) (9.23, 169.37)
(8.21, 166.55) (10.14, 168.85)
(10.14, 168.85) (11.16, 171.67)
(10.14, 168.85) (12.07, 171.15)
(12.07, 171.15) (14.66, 172.65)
(12.07, 171.15) (13.99, 173.45)
(8.21, 166.55) (9.23, 169.37)
(9.23, 169.37) (9.23, 172.37)
(9.23, 169.37) (10.26, 172.19)
(10.26, 172.19) (12.19, 174.49)
(10.26, 172.19) (11.29, 175.01)
(8.21, 166.55) (10.14, 168.85)
(10.14, 168.85) (11.16, 171.67)
(10.14, 168.85) (12.07, 171.15)
(12.07, 171.15) (14.66, 172.65)
(12.07, 171.15) (13.99, 173.45)
(12.07, 171.15) (13.09, 173.97)
(13.09, 173.97) (13.09, 176.97)
(13.09, 173.97) (14.12, 176.79)
(14.12, 176.79) (16.05, 179.09)
(14.12, 176.79) (15.14, 179.61)
(12.07, 171.15) (13.99, 173.45)
(13.99, 173.45) (15.02, 176.27)
(13.99, 173.45) (15.92, 175.75)
(15.92, 175.75) (18.52, 177.25)
(15.92, 175.75) (17.85, 178.04)
(15.92, 175.75) (18.52, 177.25)
(18.52, 177.25) (20.45, 179.54)
(18.52, 177.25) (21.12, 178.75)
(21.12, 178.75) (24.07, 179.27)
(21.12, 178.75) (23.72, 180.25)
(15.92, 175.75) (17.85, 178.04)
(17.85, 178.04) (18.88, 180.86)
(17.85, 178.04) (19.78, 180.34)
(19.78, 180.34) (22.38, 181.84)
(19.78, 180.34) (21.71, 182.64)
(8.21, 166.55) (9.23, 169.37)
(9.23, 169.37) (9.23, 172.37)
(9.23, 169.37) (10.26, 172.19)
(10.26, 172.19) (12.19, 174.49)
(10.26, 172.19) (11.29, 175.01)
(10.26, 172.19) (10.26, 175.19)
(10.26, 175.19) (9.23, 178.01)
(10.26, 175.19) (10.26, 178.19)
(10.26, 178.19) (11.29, 181.01)
(10.26, 178.19) (10.26, 181.19)
(10.26, 172.19) (11.29, 175.01)
(11.29, 175.01) (11.29, 178.01)
(11.29, 175.01) (12.31, 177.83)
(12.31, 177.83) (14.24, 180.13)
(12.31, 177.83) (13.34, 180.65)
(12.31, 177.83) (14.24, 180.13)
(14.24, 180.13) (15.27, 182.95)
(14.24, 180.13) (16.17, 182.43)
(16.17, 182.43) (18.77, 183.93)
(16.17, 182.43) (18.1, 184.72)
(12.31, 177.83) (13.34, 180.65)
(13.34, 180.65) (13.34, 183.65)
(13.34, 180.65) (14.36, 183.47)
(14.36, 183.47) (16.29, 185.77)
(14.36, 183.47) (15.39, 186.29)
(0.0, 144.0) (0.0, 147.0)
(0.0, 147.0) (-1.03, 149.82)
(0.0, 147.0) (0.0, 150.0)
(0.0, 150.0) (1.03, 152.82)
(0.0, 150.0) (0.0, 153.0)
(0.0, 150.0) (-1.03, 152.82)
(-1.03, 152.82) (-2.95, 155.12)
(-1.03, 152.82) (-2.05, 155.64)
(-2.05, 155.64) (-2.05, 158.64)
(-2.05, 155.64) (-3.08, 158.46)
(0.0, 150.0) (0.0, 153.0)
(0.0, 153.0) (-1.03, 155.82)
(0.0, 153.0) (0.0, 156.0)
(0.0, 156.0) (1.03, 158.82)
(0.0, 156.0) (0.0, 159.0)
(0.0, 156.0) (1.03, 158.82)
(1.03, 158.82) (1.03, 161.82)
(1.03, 158.82) (2.05, 161.64)
(2.05, 161.64) (3.98, 163.94)
(2.05, 161.64) (3.08, 164.46)
(0.0, 156.0) (0.0, 159.0)
(0.0, 159.0) (-1.03, 161.82)
(0.0, 159.0) (0.0, 162.0)
(0.0, 162.0) (1.03, 164.82)
(0.0, 162.0) (0.0, 165.0)
(0.0, 156.0) (-1.03, 158.82)
(-1.03, 158.82) (-2.95, 161.12)
(-1.03, 158.82) (-2.05, 161.64)
(-2.05, 161.64) (-2.05, 164.64)
(-2.05, 161.64) (-3.08, 164.46)
(-2.05, 161.64) (-3.98, 163.94)
(-3.98, 163.94) (-6.58, 165.44)
(-3.98, 163.94) (-5.91, 166.23)
(-5.91, 166.23) (-6.93, 169.05)
(-5.91, 166.23) (-7.84, 168.53)
(-2.05, 161.64) (-3.08, 164.46)
(-3.08, 164.46) (-5.01, 166.76)
(-3.08, 164.46) (-4.1, 167.28)
(-4.1, 167.28) (-4.1, 170.28)
(-4.1, 167.28) (-5.13, 170.1)
(-4.1, 167.28) (-4.1, 170.28)
(-4.1, 170.28) (-5.13, 173.1)
(-4.1, 170.28) (-4.1, 173.28)
(-4.1, 173.28) (-3.08, 176.1)
(-4.1, 173.28) (-4.1, 176.28)
(-4.1, 167.28) (-5.13, 170.1)
(-5.13, 170.1) (-7.06, 172.39)
(-5.13, 170.1) (-6.16, 172.91)
(-6.16, 172.91) (-6.16, 175.91)
(-6.16, 172.91) (-7.18, 175.73)
(0.0, 156.0) (0.0, 159.0)
(0.0, 159.0) (-1.03, 161.82)
(0.0, 159.0) (0.0, 162.0)
(0.0, 162.0) (1.03, 164.82)
(0.0, 162.0) (0.0, 165.0)
(0.0, 162.0) (-1.03, 164.82)
(-1.03, 164.82) (-2.95, 167.12)
(-1.03, 164.82) (-2.05, 167.64)
(-2.05, 167.64) (-2.05, 170.64)
(-2.05, 167.64) (-3.08, 170.46)
(0.0, 162.0) (0.0, 165.0)
(0.0, 165.0) (-1.03, 167.82)
(0.0, 165.0) (0.0, 168.0)
(0.0, 168.0) (1.03, 170.82)
(0.0, 168.0) (0.0, 171.0)
(0.0, 168.0) (1.03, 170.82)
(1.03, 170.82) (1.03, 173.82)
(1.03, 170.82) (2.05, 173.64)
(2.05, 173.64) (3.98, 175.94)
(2.05, 173.64) (3.08, 176.46)
(0.0, 168.0) (0.0, 171.0)
(0.0, 171.0) (-1.03, 173.82)
(0.0, 171.0) (0.0, 174.0)
(0.0, 174.0) (1.03, 176.82)
(0.0, 174.0) (0.0, 177.0)
(0.0, 168.0) (1.03, 170.82)
(1.03, 170.82) (1.03, 173.82)
(1.03, 170.82) (2.05, 173.64)
(2.05, 173.64) (3.98, 175.94)
(2.05, 173.64) (3.08, 176.46)
(2.05, 173.64) (2.05, 176.64)
(2.05, 176.64) (1.03, 179.46)
(2.05, 176.64) (2.05, 179.64)
(2.05, 179.64) (3.08, 182.46)
(2.05, 179.64) (2.05, 182.64)
(2.05, 173.64) (3.08, 176.46)
(3.08, 176.46) (3.08, 179.46)
(3.08, 176.46) (4.1, 179.28)
(4.1, 179.28) (6.03, 181.57)
(4.1, 179.28) (5.13, 182.1)
(4.1, 179.28) (6.03, 181.57)
(6.03, 181.57) (7.06, 184.39)
(6.03, 181.57) (7.96, 183.87)
(7.96, 183.87) (10.56, 185.37)
(7.96, 183.87) (9.89, 186.17)
(4.1, 179.28) (5.13, 182.1)
(5.13, 182.1) (5.13, 185.1)
(5.13, 182.1) (6.16, 184.91)
(6.16, 184.91) (8.08, 187.21)
(6.16, 184.91) (7.18, 187.73)
(0.0, 168.0) (0.0, 171.0)
(0.0, 171.0) (-1.03, 173.82)
(0.0, 171.0) (0.0, 174.0)
(0.0, 174.0) (1.03, 176.82)
(0.0, 174.0) (0.0, 177.0)
(0.0, 174.0) (-1.03, 176.82)
(-1.03, 176.82) (-2.95, 179.12)
(-1.03, 176.82) (-2.05, 179.64)
(-2.05, 179.64) (-2.05, 182.64)
(-2.05, 179.64) (-3.08, 182.46)
(0.0, 174.0) (0.0, 177.0)
(0.0, 177.0) (-1.03, 179.82)
(0.0, 177.0) (0.0, 180.0)
(0.0, 180.0) (1.03, 182.82)
(0.0, 180.0) (0.0, 183.0)
(0.0, 180.0) (1.03, 182.82)
(1.03, 182.82) (1.03, 185.82)
(1.03, 182.82) (2.05, 185.64)
(2.05, 185.64) (3.98, 187.94)
(2.05, 185.64) (3.08, 188.46)
(0.0, 180.0) (0.0, 183.0)
(0.0, 183.0) (-1.03, 185.82)
(0.0, 183.0) (0.0, 186.0)
(0.0, 186.0) (1.03, 188.82)
(0.0, 186.0) (0.0, 189.0)
