(0, 0) (5.0, 0.0)
(5.0, 0.0) (2.5, -4.33)
(2.5, -4.33) (7.5, -4.33)
(7.5, -4.33) (5.0, -0.0)
(5.0, -0.0) (10.0, -0.0)
(10.0, -0.0) (7.5, -4.33)
(7.5, -4.33) (5.0, -8.66)
(5.0, -8.66) (10.0, -8.66)
(10.0, -8.66) (7.5, -12.99)
(7.5, -12.99) (12.5, -12.99)
(12.5, -12.99) (10.0, -8.66)
(10.0, -8.66) (15.0, -8.66)
(15.0, -8.66) (12.5, -4.33)
(12.5, -4.33) (10.0, 0.0)
(10.0, 0.0) (15.0, 0.0)
(15.0, 0.0) (12.5, -4.33)
(12.5, -4.33) (17.5, -4.33)
(17.5, -4.33) (15.0, 0.0)
(15.0, 0.0) (20.0, 0.0)
(20.0, 0.0) (17.5, -4.33)
(17.5, -4.33) (15.0, -8.66)
(15.0, -8.66) (12.5, -12.99)
(12.5, -12.99) (10.0, -17.32)
(10.0, -17.32) (15.0, -17.32)
(15.0, -17.32) (12.5, -21.65)
(12.5, -21.65) (17.5, -21.65)
(17.5, -21.65) (15.0, -17.32)
(15.0, -17.32) (20.0, -17.32)
(20.0, -17.32) (17.5, -21.65)
(17.5, -21.65) (15.0, -25.98)
(15.0, -25.98) (20.0, -25.98)
(20.0, -25.98) (17.5, -30.31)
(17.5, -30.31) (22.5, -30.31)
(22.5, -30.31) (20.0, -25.98)
(20.0, -25.98) (25.0, -25.98)
(25.0, -25.98) (22.5, -21.65)
(22.5, -21.65) (20.0, -17.32)
(20.0, -17.32) (25.0, -17.32)
(25.0, -17.32) (22.5, -21.65)
(22.5, -21.65) (27.5, -21.65)
(27.5, -21.65) (25.0, -17.32)
(25.0, -17.32) (30.0, -17.32)
(30.0, -17.32) (27.5, -12.99)
(27.5, -12.99) (25.0, -8.66)
(25.0, -8.66) (22.5, -4.33)
(22.5, -4.33) (20.0, -0.0)
(20.0, -0.0) (25.0, -0.0)
(25.0, -0.0) (22.5, -4.33)
(22.5, -4.33) (27.5, -4.33)
(27.5, -4.33) (25.0, -0.0)
(25.0, -0.0) (30.0, -0.0)
(30.0, -0.0) (27.5, -4.33)
(27.5, -4.33) (25.0, -8.66)
(25.0, -8.66) (30.0, -8.66)
(30.0, -8.66) (27.5, -12.99)
(27.5, -12.99) (32.5, -12.99)
(32.5, -12.99) (30.0, -8.66)
(30.0, -8.66) (35.0, -8.66)
(35.0, -8.66) (32.5, -4.33)
(32.5, -4.33) (30.0, -0.0)
(30.0, -0.0) (35.0, -0.0)
(35.0, -0.0) (32.5, -4.33)
(32.5, -4.33) (37.5, -4.33)
(37.5, -4.33) (35.0, -0.0)
(35.0, -0.0) (40.0, -0.0)
(40.0, -0.0) (37.5, -4.33)
(37.5, -4.33) (35.0, -8.66)
(35.0, -8.66) (32.5, -12.99)
(32.5, -12.99) (30.0, -17.32)
(30.0, -17.32) (27.5, -21.65)
(27.5, -21.65) (25.0, -25.98)
(25.0, -25.98) (22.5, -30.31)
(22.5, -30.31) (20.0, -34.64)
(20.0, -34.64) (25.0, -34.64)
(25.0, -34.64) (22.5, -38.97)
(22.5, -38.97) (27.5, -38.97)
(27.5, -38.97) (25.0, -34.64)
(25.0, -34.64) (30.0, -34.64)
(30.0, -34.64) (27.5, -38.97)
(27.5, -38.97) (25.0, -43.3)
(25.0, -43.3) (30.0, -43.3)
(30.0, -43.3) (27.5, -47.63)
(27.5, -47.63) (32.5, -47.63)
(32.5, -47.63) (30.0, -43.3)
(30.0, -43.3) (35.0, -43.3)
(35.0, -43.3) (32.5, -38.97)
(32.5, -38.97) (30.0, -34.64)
(30.0, -34.64) (35.0, -34.64)
(35.0, -34.64) (32.5, -38.97)
(32.5, -38.97) (37.5, -38.97)
(37.5, -38.97) (35.0, -34.64)
(35.0, -34.64) (40.0, -34.64)
(40.0, -34.64) (37.5, -38.97)
(37.5, -38.97) (35.0, -43.3)
(35.0, -43.3) (32.5, -47.63)
(32.5, -47.63) (30.0, -51.96)
(30.0, -51.96) (35.0, -51.96)
(35.0, -51.96) (32.5, -56.29)
(32.5, -56.29) (37.5, -56.29)
(37.5, -56.29) (35.0, -51.96)
(35.0, -51.96) (40.0, -51.96)
(40.0, -51.96) (37.5, -56.29)
(37.5, -56.29) (35.0, -60.62)
(35.0, -60.62) (40.0, -60.62)
(40.0, -60.62) (37.5, -64.95)
(37.5, -64.95) (42.5, -64.95)
(42.5, -64.95) (40.0, -60.62)
(40.0, -60.62) (45.0, -60.62)
(45.0, -60.62) (42.5, -56.29)
(42.5, -56.29) (40.0, -51.96)
(40.0, -51.96) (45.0, -51.96)
(45.0, -51.96) (42.5, -56.29)
(42.5, -56.29) (47.5, -56.29)
(47.5, -56.29) (45.0, -51.96)
(45.0, -51.96) (50.0, -51.96)
(50.0, -51.96) (47.5, -47.63)
(47.5, -47.63) (45.0, -43.3)
(45.0, -43.3) (42.5, -38.97)
(42.5, -38.97) (40.0, -34.64)
(40.0, -34.64) (45.0, -34.64)
(45.0, -34.64) (42.5, -38.97)
(42.5, -38.97) (47.5, -38.97)
(47.5, -38.97) (45.0, -34.64)
(45.0, -34.64) (50.0, -34.64)
(50.0, -34.64) (47.5, -38.97)
(47.5, -38.97) (45.0, -43.3)
(45.0, -43.3) (50.0, -43.3)
(50.0, -43.3) (47.5, -47.63)
(47.5, -47.63) (52.5, -47.63)
(52.5, -47.63) (50.0, -43.3)
(50.0, -43.3) (55.0, -43.3)
(55.0, -43.3) (52.5, -38.97)
(52.5, -38.97) (50.0, -34.64)
(50.0, -34.64) (55.0, -34.64)
(55.0, -34.64) (52.5, -38.97)
(52.5, -38.97) (57.5, -38.97)
(57.5, -38.97) (55.0, -34.64)
(55.0, -34.64) (60.0, -34.64)
(60.0, -34.64) (57.5, -30.31)
(57.5, -30.31) (55.0, -25.98)
(55.0, -25.98) (52.5, -21.65)
(52.5, -21.65) (50.0, -17.32)
(50.0, -17.32) (47.5, -12.99)
(47.5, -12.99) (45.0, -8.66)
(45.0, -8.66) (42.5, -4.33)
(42.5, -4.33) (40.0, -0.0)
(40.0, -0.0) (45.0, -0.0)
(45.0, -0.0) (42.5, -4.33)
(42.5, -4.33) (47.5, -4.33)
(47.5, -4.33) (45.0, -0.0)
(45.0, -0.0) (50.0, -0.0)
(50.0, -0.0) (47.5, -4.33)
(47.5, -4.33) (45.0, -8.66)
(45.0, -8.66) (50.0, -8.66)
(50.0, -8.66) (47.5, -12.99)
(47.5, -12.99) (52.5, -12.99)
(52.5, -12.99) (50.0, -8.66)
(50.0, -8.66) (55.0, -8.66)
(55.0, -8.66) (52.5, -4.33)
(52.5, -4.33) (50.0, -0.0)
(50.0, -0.0) (55.0, -0.0)
(55.0, -0.0) (52.5, -4.33)
(52.5, -4.33) (57.5, -4.33)
(57.5, -4.33) (55.0, -0.0)
(55.0, -0.0) (60.0, -0.0)
(60.0, -0.0) (57.5, -4.33)
(57.5, -4.33) (55.0, -8.66)
(55.0, -8.66) (52.5, -12.99)
(52.5, -12.99) (50.0, -17.32)
(50.0, -17.32) (55.0, -17.32)
(55.0, -17.32) (52.5, -21.65)
(52.5, -21.65) (57.5, -21.65)
(57.5, -21.65) (55.0, -17.32)
(55.0, -17.32) (60.0, -17.32)
(60.0, -17.32) (57.5, -21.65)
(57.5, -21.65) (55.0, -25.98)
(55.0, -25.98) (60.0, -25.98)
(60.0, -25.98) (57.5, -30.31)
(57.5, -30.31) (62.5, -30.31)
(62.5, -30.31) (60.0, -25.98)
(60.0, -25.98) (65.0, -25.98)
(65.0, -25.98) (62.5, -21.65)
(62.5, -21.65) (60.0, -17.32)
(60.0, -17.32) (65.0, -17.32)
(65.0, -17.32) (62.5, -21.65)
(62.5, -21.65) (67.5, -21.65)
(67.5, -21.65) (65.0, -17.32)
(65.0, -17.32) (70.0, -17.32)
(70.0, -17.32) (67.5, -12.99)
(67.5, -12.99) (65.0, -8.66)
(65.0, -8.66) (62.5, -4.33)
(62.5, -4.33) (60.0, -0.0)
(60.0, -0.0) (65.0, -0.0)
(65.0, -0.0) (62.5, -4.33)
(62.5, -4.33) (67.5, -4.33)
(67.5, -4.33) (65.0, -0.0)
(65.0, -0.0) (70.0, -0.0)
(70.0, -0.0) (67.5, -4.33)
(67.5, -4.33) (65.0, -8.66)
(65.0, -8.66) (70.0, -8.66)
(70.0, -8.66) (67.5, -12.99)
(67.5, -12.99) (72.5, -12.99)
(72.5, -12.99) (70.0, -8.66)
(70.0, -8.66) (75.0, -8.66)
(75.0, -8.66) (72.5, -4.33)
(72.5, -4.33) (70.0, -0.0)
(70.0, -0.0) (75.0, -0.0)
(75.0, -0.0) (72.5, -4.33)
(72.5, -4.33) (77.5, -4.33)
(77.5, -4.33) (75.0, -0.0)
(75.0, -0.0) (80.0, -0.0)
(80.0, -0.0) (77.5, -4.33)
(77.5, -4.33) (75.0, -8.66)
(75.0, -8.66) (72.5, -12.99)
(72.5, -12.99) (70.0, -17.32)
(70.0, -17.32) (67.5, -21.65)
(67.5, -21.65) (65.0, -25.98)
(65.0, -25.98) (62.5, -30.31)
(62.5, -30.31) (60.0, -34.64)
(60.0, -34.64) (57.5, -38.97)
(57.5, -38.97) (55.0, -43.3)
(55.0, -43.3) (52.5, -47.63)
(52.5, -47.63) (50.0, -51.96)
(50.0, -51.96) (47.5, -56.29)
(47.5, -56.29) (45.0, -60.62)
(45.0, -60.62) (42.5, -64.95)
(42.5, -64.95) (40.0, -69.28)
(40.0, -69.28) (45.0, -69.28)
(45.0, -69.28) (42.5, -73.61)
(42.5, -73.61) (47.5, -73.61)
(47.5, -73.61) (45.0, -69.28)
(45.0, -69.28) (50.0, -69.28)
(50.0, -69.28) (47.5, -73.61)
(47.5, -73.61) (45.0, -77.94)
(45.0, -77.94) (50.0, -77.94)
(50.0, -77.94) (47.5, -82.27)
(47.5, -82.27) (52.5, -82.27)
(52.5, -82.27) (50.0, -77.94)
(50.0, -77.94) (55.0, -77.94)
(55.0, -77.94) (52.5, -73.61)
(52.5, -73.61) (50.0, -69.28)
(50.0, -69.28) (55.0, -69.28)
(55.0, -69.28) (52.5, -73.61)
(52.5, -73.61) (57.5, -73.61)
(57.5, -73.61) (55.0, -69.28)
(55.0, -69.28) (60.0, -69.28)
(60.0, -69.28) (57.5, -73.61)
(57.5, -73.61) (55.0, -77.94)
(55.0, -77.94) (52.5, -82.27)
(52.5, -82.27) (50.0, -86.6)
(50.0, -86.6) (55.0, -86.6)
(55.0, -86.6) (52.5, -90.93)
(52.5, -90.93) (57.5, -90.93)
(57.5, -90.93) (55.0, -86.6)
(55.0, -86.6) (60.0, -86.6)
(60.0, -86.6) (57.5, -90.93)
(57.5, -90.93) (55.0, -95.26)
(55.0, -95.26) (60.0, -95.26)
(60.0, -95.26) (57.5, -99.59)
(57.5, -99.59) (62.5, -99.59)
(62.5, -99.59) (60.0, -95.26)
(60.0, -95.26) (65.0, -95.26)
(65.0, -95.26) (62.5, -90.93)
(62.5, -90.93) (60.0, -86.6)
(60.0, -86.6) (65.0, -86.6)
(65.0, -86.6) (62.5, -90.93)
(62.5, -90.93) (67.5, -90.93)
(67.5, -90.93) (65.0, -86.6)
(65.0, -86.6) (70.0, -86.6)
(70.0, -86.6) (67.5, -82.27)
(67.5, -82.27) (65.0, -77.94)
(65.0, -77.94) (62.5, -73.61)
(62.5, -73.61) (60.0, -69.28)
(60.0, -69.28) (65.0, -69.28)
(65.0, -69.28) (62.5, -73.61)
(62.5, -73.61) (67.5, -73.61)
(67.5, -73.61) (65.0, -69.28)
(65.0, -69.28) (70.0, -69.28)
(70.0, -69.28) (67.5, -73.61)
(67.5, -73.61) (65.0, -77.94)
(65.0, -77.94) (70.0, -77.94)
(70.0, -77.94) (67.5, -82.27)
(67.5, -82.27) (72.5, -82.27)
(72.5, -82.27) (70.0, -77.94)
(70.0, -77.94) (75.0, -77.94)
(75.0, -77.94) (72.5, -73.61)
(72.5, -73.61) (70.0, -69.28)
(70.0, -69.28) (75.0, -69.28)
(75.0, -69.28) (72.5, -73.61)
(72.5, -73.61) (77.5, -73.61)
(77.5, -73.61) (75.0, -69.28)
(75.0, -69.28) (80.0, -69.28)
(80.0, -69.28) (77.5, -73.61)
(77.5, -73.61) (75.0, -77.94)
(75.0, -77.94) (72.5, -82.27)
(72.5, -82.27) (70.0, -86.6)
(70.0, -86.6) (67.5, -90.93)
(67.5, -90.93) (65.0, -95.26)
(65.0, -95.26) (62.5, -99.59)
(62.5, -99.59) (60.0, -103.92)
(60.0, -103.92) (65.0, -103.92)
(65.0, -103.92) (62.5, -108.25)
(62.5, -108.25) (67.5, -108.25)
(67.5, -108.25) (65.0, -103.92)
(65.0, -103.92) (70.0, -103.92)
(70.0, -103.92) (67.5, -108.25)
(67.5, -108.25) (65.0, -112.58)
(65.0, -112.58) (70.0, -112.58)
(70.0, -112.58) (67.5, -116.91)
(67.5, -116.91) (72.5, -116.91)
(72.5, -116.91) (70.0, -112.58)
(70.0, -112.58) (75.0, -112.58)
(75.0, -112.58) (72.5, -108.25)
(72.5, -108.25) (70.0, -103.92)
(70.0, -103.92) (75.0, -103.92)
(75.0, -103.92) (72.5, -108.25)
(72.5, -108.25) (77.5, -108.25)
(77.5, -108.25) (75.0, -103.92)
(75.0, -103.92) (80.0, -103.92)
(80.0, -103.92) (77.5, -108.25)
(77.5, -108.25) (75.0, -112.58)
(75.0, -112.58) (72.5, -116.91)
(72.5, -116.91) (70.0, -121.24)
(70.0, -121.24) (75.0, -121.24)
(75.0, -121.24) (72.5, -125.57)
(72.5, -125.57) (77.5, -125.57)
(77.5, -125.57) (75.0, -121.24)
(75.0, -121.24) (80.0, -121.24)
(80.0, -121.24) (77.5, -125.57)
(77.5, -125.57) (75.0, -129.9)
(75.0, -129.9) (80.0, -129.9)
(80.0, -129.9) (77.5, -134.23)
(77.5, -134.23) (82.5, -134.23)
(82.5, -134.23) (80.0, -129.9)
(80.0, -129.9) (85.0, -129.9)
(85.0, -129.9) (82.5, -125.57)
(82.5, -125.57) (80.0, -121.24)
(80.0, -121.24) (85.0, -121.24)
(85.0, -121.24) (82.5, -125.57)
(82.5, -125.57) (87.5, -125.57)
(87.5, -125.57) (85.0, -121.24)
(85.0, -121.24) (90.0, -121.24)
(90.0, -121.24) (87.5, -116.91)
(87.5, -116.91) (85.0, -112.58)
(85.0, -112.58) (82.5, -108.25)
(82.5, -108.25) (80.0, -103.92)
(80.0, -103.92) (85.0, -103.92)
(85.0, -103.92) (82.5, -108.25)
(82.5, -108.25) (87.5, -108.25)
(87.5, -108.25) (85.0, -103.92)
(85.0, -103.92) (90.0, -103.92)
(90.0, -103.92) (87.5, -108.25)
(87.5, -108.25) (85.0, -112.58)
(85.0, -112.58) (90.0, -112.58)
(90.0, -112.58) (87.5, -116.91)
(87.5, -116.91) (92.5, -116.91)
(92.5, -116.91) (90.0, -112.58)
(90.0, -112.58) (95.0, -112.58)
(95.0, -112.58) (92.5, -108.25)
(92.5, -108.25) (90.0, -103.92)
(90.0, -103.92) (95.0, -103.92)
(95.0, -103.92) (92.5, -108.25)
(92.5, -108.25) (97.5, -108.25)
(97.5, -108.25) (95.0, -103.92)
(95.0, -103.92) (100.0, -103.92)
(100.0, -103.92) (97.5, -99.59)
(97.5, -99.59) (95.0, -95.26)
(95.0, -95.26) (92.5, -90.93)
(92.5, -90.93) (90.0, -86.6)
(90.0, -86.6) (87.5, -82.27)
(87.5, -82.27) (85.0, -77.94)
(85.0, -77.94) (82.5, -73.61)
(82.5, -73.61) (80.0, -69.28)
(80.0, -69.28) (85.0, -69.28)
(85.0, -69.28) (82.5, -73.61)
(82.5, -73.61) (87.5, -73.61)
(87.5, -73.61) (85.0, -69.28)
(85.0, -69.28) (90.0, -69.28)
(90.0, -69.28) (87.5, -73.61)
(87.5, -73.61) (85.0, -77.94)
(85.0, -77.94) (90.0, -77.94)
(90.0, -77.94) (87.5, -82.27)
(87.5, -82.27) (92.5, -82.27)
(92.5, -82.27) (90.0, -77.94)
(90.0, -77.94) (95.0, -77.94)
(95.0, -77.94) (92.5, -73.61)
(92.5, -73.61) (90.0, -69.28)
(90.0, -69.28) (95.0, -69.28)
(95.0, -69.28) (92.5, -73.61)
(92.5, -73.61) (97.5, -73.61)
(97.5, -73.61) (95.0, -69.28)
(95.0, -69.28) (100.0, -69.28)
(100.0, -69.28) (97.5, -73.61)
(97.5, -73.61) (95.0, -77.94)
(95.0, -77.94) (92.5, -82.27)
(92.5, -82.27) (90.0, -86.6)
(90.0, -86.6) (95.0, -86.6)
(95.0, -86.6) (92.5, -90.93)
(92.5, -90.93) (97.5, -90.93)
(97.5, -90.93) (95.0, -86.6)
(95.0, -86.6) (100.0, -86.6)
(100.0, -86.6) (97.5, -90.93)
(97.5, -90.93) (95.0, -95.26)
(95.0, -95.26) (100.0, -95.26)
(100.0, -95.26) (97.5, -99.59)
(97.5, -99.59) (102.5, -99.59)
(102.5, -99.59) (100.0, -95.26)
(100.0, -95.26) (105.0, -95.26)
(105.0, -95.26) (102.5, -90.93)
(102.5, -90.93) (100.0, -86.6)
(100.0, -86.6) (105.0, -86.6)
(105.0, -86.6) (102.5, -90.93)
(102.5, -90.93) (107.5, -90.93)
(107.5, -90.93) (105.0, -86.6)
(105.0, -86.6) (110.0, -86.6)
(110.0, -86.6) (107.5, -82.27)
(107.5, -82.27) (105.0, -77.94)
(105.0, -77.94) (102.5, -73.61)
(102.5, -73.61) (100.0, -69.28)
(100.0, -69.28) (105.0, -69.28)
(105.0, -69.28) (102.5, -73.61)
(102.5, -73.61) (107.5, -73.61)
(107.5, -73.61) (105.0, -69.28)
(105.0, -69.28) (110.0, -69.28)
(110.0, -69.28) (107.5, -73.61)
(107.5, -73.61) (105.0, -77.94)
(105.0, -77.94) (110.0, -77.94)
(110.0, -77.94) (107.5, -82.27)
(107.5, -82.27) (112.5, -82.27)
(112.5, -82.27) (110.0, -77.94)
(110.0, -77.94) (115.0, -77.94)
(115.0, -77.94) (112.5, -73.61)
(112.5, -73.61) (110.0, -69.28)
(110.0, -69.28) (115.0, -69.28)
(115.0, -69.28) (112.5, -73.61)
(112.5, -73.61) (117.5, -73.61)
(117.5, -73.61) (115.0, -69.28)
(115.0, -69.28) (120.0, -69.28)
(120.0, -69.28) (117.5, -64.95)
(117.5, -64.95) (115.0, -60.62)
(115.0, -60.62) (112.5, -56.29)
(112.5, -56.29) (110.0, -51.96)
(110.0, -51.96) (107.5, -47.63)
(107.5, -47.63) (105.0, -43.3)
(105.0, -43.3) (102.5, -38.97)
(102.5, -38.97) (100.0, -34.64)
(100.0, -34.64) (97.5, -30.31)
(97.5, -30.31) (95.0, -25.98)
(95.0, -25.98) (92.5, -21.65)
(92.5, -21.65) (90.0, -17.32)
(90.0, -17.32) (87.5, -12.99)
(87.5, -12.99) (85.0, -8.66)
(85.0, -8.66) (82.5, -4.33)
(82.5, -4.33) (80.0, 0.0)
(80.0, 0.0) (85.0, 0.0)
(85.0, 0.0) (82.5, -4.33)
(82.5, -4.33) (87.5, -4.33)
(87.5, -4.33) (85.0, 0.0)
(85.0, 0.0) (90.0, 0.0)
(90.0, 0.0) (87.5, -4.33)
(87.5, -4.33) (85.0, -8.66)
(85.0, -8.66) (90.0, -8.66)
(90.0, -8.66) (87.5, -12.99)
(87.5, -12.99) (92.5, -12.99)
(92.5, -12.99) (90.0, -8.66)
(90.0, -8.66) (95.0, -8.66)
(95.0, -8.66) (92.5, -4.33)
(92.5, -4.33) (90.0, 0.0)
(90.0, 0.0) (95.0, 0.0)
(95.0, 0.0) (92.5, -4.33)
(92.5, -4.33) (97.5, -4.33)
(97.5, -4.33) (95.0, 0.0)
(95.0, 0.0) (100.0, 0.0)
(100.0, 0.0) (97.5, -4.33)
(97.5, -4.33) (95.0, -8.66)
(95.0, -8.66) (92.5, -12.99)
(92.5, -12.99) (90.0, -17.32)
(90.0, -17.32) (95.0, -17.32)
(95.0, -17.32) (92.5, -21.65)
(92.5, -21.65) (97.5, -21.65)
(97.5, -21.65) (95.0, -17.32)
(95.0, -17.32) (100.0, -17.32)
(100.0, -17.32) (97.5, -21.65)
(97.5, -21.65) (95.0, -25.98)
(95.0, -25.98) (100.0, -25.98)
(100.0, -25.98) (97.5, -30.31)
(97.5, -30.31) (102.5, -30.31)
(102.5, -30.31) (100.0, -25.98)
(100.0, -25.98) (105.0, -25.98)
(105.0, -25.98) (102.5, -21.65)
(102.5, -21.65) (100.0, -17.32)
(100.0, -17.32) (105.0, -17.32)
(105.0, -17.32) (102.5, -21.65)
(102.5, -21.65) (107.5, -21.65)
(107.5, -21.65) (105.0, -17.32)
(105.0, -17.32) (110.0, -17.32)
(110.0, -17.32) (107.5, -12.99)
(107.5, -12.99) (105.0, -8.66)
(105.0, -8.66) (102.5, -4.33)
(102.5, -4.33) (100.0, 0.0)
(100.0, 0.0) (105.0, 0.0)
(105.0, 0.0) (102.5, -4.33)
(102.5, -4.33) (107.5, -4.33)
(107.5, -4.33) (105.0, 0.0)
(105.0, 0.0) (110.0, 0.0)
(110.0, 0.0) (107.5, -4.33)
(107.5, -4.33) (105.0, -8.66)
(105.0, -8.66) (110.0, -8.66)
(110.0, -8.66) (107.5, -12.99)
(107.5, -12.99) (112.5, -12.99)
(112.5, -12.99) (110.0, -8.66)
(110.0, -8.66) (115.0, -8.66)
(115.0, -8.66) (112.5, -4.33)
(112.5, -4.33) (110.0, 0.0)
(110.0, 0.0) (115.0, 0.0)
(115.0, 0.0) (112.5, -4.33)
(112.5, -4.33) (117.5, -4.33)
(117.5, -4.33) (115.0, 0.0)
(115.0, 0.0) (120.0, 0.0)
(120.0, 0.0) (117.5, -4.33)
(117.5, -4.33) (115.0, -8.66)
(115.0, -8.66) (112.5, -12.99)
(112.5, -12.99) (110.0, -17.32)
(110.0, -17.32) (107.5, -21.65)
(107.5, -21.65) (105.0, -25.98)
(105.0, -25.98) (102.5, -30.31)
(102.5, -30.31) (100.0, -34.64)
(100.0, -34.64) (105.0, -34.64)
(105.0, -34.64) (102.5, -38.97)
(102.5, -38.97) (107.5, -38.97)
(107.5, -38.97) (105.0, -34.64)
(105.0, -34.64) (110.0, -34.64)
(110.0, -34.64) (107.5, -38.97)
(107.5, -38.97) (105.0, -43.3)
(105.0, -43.3) (110.0, -43.3)
(110.0, -43.3) (107.5, -47.63)
(107.5, -47.63) (112.5, -47.63)
(112.5, -47.63) (110.0, -43.3)
(110.0, -43.3) (115.0, -43.3)
(115.0, -43.3) (112.5, -38.97)
(112.5, -38.97) (110.0, -34.64)
(110.0, -34.64) (115.0, -34.64)
(115.0, -34.64) (112.5, -38.97)
(112.5, -38.97) (117.5, -38.97)
(117.5, -38.97) (115.0, -34.64)
(115.0, -34.64) (120.0, -34.64)
(120.0, -34.64) (117.5, -38.97)
(117.5, -38.97) (115.0, -43.3)
(115.0, -43.3) (112.5, -47.63)
(112.5, -47.63) (110.0, -51.96)
(110.0, -51.96) (115.0, -51.96)
(115.0, -51.96) (112.5, -56.29)
(112.5, -56.29) (117.5, -56.29)
(117.5, -56.29) (115.0, -51.96)
(115.0, -51.96) (120.0, -51.96)
(120.0, -51.96) (117.5, -56.29)
(117.5, -56.29) (115.0, -60.62)
(115.0, -60.62) (120.0, -60.62)
(120.0, -60.62) (117.5, -64.95)
(117.5, -64.95) (122.5, -64.95)
(122.5, -64.95) (120.0, -60.62)
(120.0, -60.62) (125.0, -60.62)
(125.0, -60.62) (122.5, -56.29)
(122.5, -56.29) (120.0, -51.96)
(120.0, -51.96) (125.0, -51.96)
(125.0, -51.96) (122.5, -56.29)
(122.5, -56.29) (127.5, -56.29)
(127.5, -56.29) (125.0, -51.96)
(125.0, -51.96) (130.0, -51.96)
(130.0, -51.96) (127.5, -47.63)
(127.5, -47.63) (125.0, -43.3)
(125.0, -43.3) (122.5, -38.97)
(122.5, -38.97) (120.0, -34.64)
(120.0, -34.64) (125.0, -34.64)
(125.0, -34.64) (122.5, -38.97)
(122.5, -38.97) (127.5, -38.97)
(127.5, -38.97) (125.0, -34.64)
(125.0, -34.64) (130.0, -34.64)
(130.0, -34.64) (127.5, -38.97)
(127.5, -38.97) (125.0, -43.3)
(125.0, -43.3) (130.0, -43.3)
(130.0, -43.3) (127.5, -47.63)
(127.5, -47.63) (132.5, -47.63)
(132.5, -47.63) (130.0, -43.3)
(130.0, -43.3) (135.0, -43.3)
(135.0, -43.3) (132.5, -38.97)
(132.5, -38.97) (130.0, -34.64)
(130.0, -34.64) (135.0, -34.64)
(135.0, -34.64) (132.5, -38.97)
(132.5, -38.97) (137.5, -38.97)
(137.5, -38.97) (135.0, -34.64)
(135.0, -34.64) (140.0, -34.64)
(140.0, -34.64) (137.5, -30.31)
(137.5, -30.31) (135.0, -25.98)
(135.0, -25.98) (132.5, -21.65)
(132.5, -21.65) (130.0, -17.32)
(130.0, -17.32) (127.5, -12.99)
(127.5, -12.99) (125.0, -8.66)
(125.0, -8.66) (122.5, -4.33)
(122.5, -4.33) (120.0, -0.0)
(120.0, -0.0) (125.0, -0.0)
(125.0, -0.0) (122.5, -4.33)
(122.5, -4.33) (127.5, -4.33)
(127.5, -4.33) (125.0, -0.0)
(125.0, -0.0) (130.0, -0.0)
(130.0, -0.0) (127.5, -4.33)
(127.5, -4.33) (125.0, -8.66)
(125.0, -8.66) (130.0, -8.66)
(130.0, -8.66) (127.5, -12.99)
(127.5, -12.99) (132.5, -12.99)
(132.5, -12.99) (130.0, -8.66)
(130.0, -8.66) (135.0, -8.66)
(135.0, -8.66) (132.5, -4.33)
(132.5, -4.33) (130.0, -0.0)
(130.0, -0.0) (135.0, -0.0)
(135.0, -0.0) (132.5, -4.33)
(132.5, -4.33) (137.5, -4.33)
(137.5, -4.33) (135.0, -0.0)
(135.0, -0.0) (140.0, -0.0)
(140.0, -0.0) (137.5, -4.33)
(137.5, -4.33) (135.0, -8.66)
(135.0, -8.66) (132.5, -12.99)
(132.5, -12.99) (130.0, -17.32)
(130.0, -17.32) (135.0, -17.32)
(135.0, -17.32) (132.5, -21.65)
(132.5, -21.65) (137.5, -21.65)
(137.5, -21.65) (135.0, -17.32)
(135.0, -17.32) (140.0, -17.32)
(140.0, -17.32) (137.5, -21.65)
(137.5, -21.65) (135.0, -25.98)
(135.0, -25.98) (140.0, -25.98)
(140.0, -25.98) (137.5, -30.31)
(137.5, -30.31) (142.5, -30.31)
(142.5, -30.31) (140.0, -25.98)
(140.0, -25.98) (145.0, -25.98)
(145.0, -25.98) (142.5, -21.65)
(142.5, -21.65) (140.0, -17.32)
(140.0, -17.32) (145.0, -17.32)
(145.0, -17.32) (142.5, -21.65)
(142.5, -21.65) (147.5, -21.65)
(147.5, -21.65) (145.0, -17.32)
(145.0, -17.32) (150.0, -17.32)
(150.0, -17.32) (147.5, -12.99)
(147.5, -12.99) (145.0, -8.66)
(145.0, -8.66) (142.5, -4.33)
(142.5, -4.33) (140.0, -0.0)
(140.0, -0.0) (145.0, -0.0)
(145.0, -0.0) (142.5, -4.33)
(142.5, -4.33) (147.5, -4.33)
(147.5, -4.33) (145.0, -0.0)
(145.0, -0.0) (150.0, -0.0)
(150.0, -0.0) (147.5, -4.33)
(147.5, -4.33) (145.0, -8.66)
(145.0, -8.66) (150.0, -8.66)
(150.0, -8.66) (147.5, -12.99)
(147.5, -12.99) (152.5, -12.99)
(152.5, -12.99) (150.0, -8.66)
(150.0, -8.66) (155.0, -8.66)
(155.0, -8.66) (152.5, -4.33)
(152.5, -4.33) (150.0, -0.0)
(150.0, -0.0) (155.0, -0.0)
(155.0, -0.0) (152.5, -4.33)
(152.5, -4.33) (157.5, -4.33)
(157.5, -4.33) (155.0, -0.0)
(155.0, -0.0) (160.0, -0.0)
(160.0, -0.0) (157.5, -4.33)
(157.5, -4.33) (155.0, -8.66)
(155.0, -8.66) (152.5, -12.99)
(152.5, -12.99) (150.0, -17.32)
(150.0, -17.32) (147.5, -21.65)
(147.5, -21.65) (145.0, -25.98)
(145.0, -25.98) (142.5, -30.31)
(142.5, -30.31) (140.0, -34.64)
(140.0, -34.64) (137.5, -38.97)
(137.5, -38.97) (135.0, -43.3)
(135.0, -43.3) (132.5, -47.63)
(132.5, -47.63) (130.0, -51.96)
(130.0, -51.96) (127.5, -56.29)
(127.5, -56.29) (125.0, -60.62)
(125.0, -60.62) (122.5, -64.95)
(122.5, -64.95) (120.0, -69.28)
(120.0, -69.28) (117.5, -73.61)
(117.5, -73.61) (115.0, -77.94)
(115.0, -77.94) (112.5, -82.27)
(112.5, -82.27) (110.0, -86.6)
(110.0, -86.6) (107.5, -90.93)
(107.5, -90.93) (105.0, -95.26)
(105.0, -95.26) (102.5, -99.59)
(102.5, -99.59) (100.0, -103.92)
(100.0, -103.92) (97.5, -108.25)
(97.5, -108.25) (95.0, -112.58)
(95.0, -112.58) (92.5, -116.91)
(92.5, -116.91) (90.0, -121.24)
(90.0, -121.24) (87.5, -125.57)
(87.5, -125.57) (85.0, -129.9)
(85.0, -129.9) (82.5, -134.23)
(82.5, -134.23) (80.0, -138.56)
(80.0, -138.56) (85.0, -138.56)
(85.0, -138.56) (82.5, -142.89)
(82.5, -142.89) (87.5, -142.89)
(87.5, -142.89) (85.0, -138.56)
(85.0, -138.56) (90.0, -138.56)
(90.0, -138.56) (87.5, -142.89)
(87.5, -142.89) (85.0, -147.22)
(85.0, -147.22) (90.0, -147.22)
(90.0, -147.22) (87.5, -151.55)
(87.5, -151.55) (92.5, -151.55)
(92.5, -151.55) (90.0, -147.22)
(90.0, -147.22) (95.0, -147.22)
(95.0, -147.22) (92.5, -142.89)
(92.5, -142.89) (90.0, -138.56)
(90.0, -138.56) (95.0, -138.56)
(95.0, -138.56) (92.5, -142.89)
(92.5, -142.89) (97.5, -142.89)
(97.5, -142.89) (95.0, -138.56)
(95.0, -138.56) (100.0, -138.56)
(100.0, -138.56) (97.5, -142.89)
(97.5, -142.89) (95.0, -147.22)
(95.0, -147.22) (92.5, -151.55)
(92.5, -151.55) (90.0, -155.88)
(90.0, -155.88) (95.0, -155.88)
(95.0, -155.88) (92.5, -160.21)
(92.5, -160.21) (97.5, -160.21)
(97.5, -160.21) (95.0, -155.88)
(95.0, -155.88) (100.0, -155.88)
(100.0, -155.88) (97.5, -160.21)
(97.5, -160.21) (95.0, -164.54)
(95.0, -164.54) (100.0, -164.54)
(100.0, -164.54) (97.5, -168.87)
(97.5, -168.87) (102.5, -168.87)
(102.5, -168.87) (100.0, -164.54)
(100.0, -164.54) (105.0, -164.54)
(105.0, -164.54) (102.5, -160.21)
(102.5, -160.21) (100.0, -155.88)
(100.0, -155.88) (105.0, -155.88)
(105.0, -155.88) (102.5, -160.21)
(102.5, -160.21) (107.5, -160.21)
(107.5, -160.21) (105.0, -155.88)
(105.0, -155.88) (110.0, -155.88)
(110.0, -155.88) (107.5, -151.55)
(107.5, -151.55) (105.0, -147.22)
(105.0, -147.22) (102.5, -142.89)
(102.5, -142.89) (100.0, -138.56)
(100.0, -138.56) (105.0, -138.56)
(105.0, -138.56) (102.5, -142.89)
(102.5, -142.89) (107.5, -142.89)
(107.5, -142.89) (105.0, -138.56)
(105.0, -138.56) (110.0, -138.56)
(110.0, -138.56) (107.5, -142.89)
(107.5, -142.89) (105.0, -147.22)
(105.0, -147.22) (110.0, -147.22)
(110.0, -147.22) (107.5, -151.55)
(107.5, -151.55) (112.5, -151.55)
(112.5, -151.55) (110.0, -147.22)
(110.0, -147.22) (115.0, -147.22)
(115.0, -147.22) (112.5, -142.89)
(112.5, -142.89) (110.0, -138.56)
(110.0, -138.56) (115.0, -138.56)
(115.0, -138.56) (112.5, -142.89)
(112.5, -142.89) (117.5, -142.89)
(117.5, -142.89) (115.0, -138.56)
(115.0, -138.56) (120.0, -138.56)
(120.0, -138.56) (117.5, -142.89)
(117.5, -142.89) (115.0, -147.22)
(115.0, -147.22) (112.5, -151.55)
(112.5, -151.55) (110.0, -155.88)
(110.0, -155.88) (107.5, -160.21)
(107.5, -160.21) (105.0, -164.54)
(105.0, -164.54) (102.5, -168.87)
(102.5, -168.87) (100.0, -173.21)
(100.0, -173.21) (105.0, -173.21)
(105.0, -173.21) (102.5, -177.54)
(102.5, -177.54) (107.5, -177.54)
(107.5, -177.54) (105.0, -173.21)
(105.0, -173.21) (110.0, -173.21)
(110.0, -173.21) (107.5, -177.54)
(107.5, -177.54) (105.0, -181.87)
(105.0, -181.87) (110.0, -181.87)
(110.0, -181.87) (107.5, -186.2)
(107.5, -186.2) (112.5, -186.2)
(112.5, -186.2) (110.0, -181.87)
(110.0, -181.87) (115.0, -181.87)
(115.0, -181.87) (112.5, -177.54)
(112.5, -177.54) (110.0, -173.21)
(110.0, -173.21) (115.0, -173.21)
(115.0, -173.21) (112.5, -177.54)
(112.5, -177.54) (117.5, -177.54)
(117.5, -177.54) (115.0, -173.21)
(115.0, -173.21) (120.0, -173.21)
(120.0, -173.21) (117.5, -177.54)
(117.5, -177.54) (115.0, -181.87)
(115.0, -181.87) (112.5, -186.2)
(112.5, -186.2) (110.0, -190.53)
(110.0, -190.53) (115.0, -190.53)
(115.0, -190.53) (112.5, -194.86)
(112.5, -194.86) (117.5, -194.86)
(117.5, -194.86) (115.0, -190.53)
(115.0, -190.53) (120.0, -190.53)
(120.0, -190.53) (117.5, -194.86)
(117.5, -194.86) (115.0, -199.19)
(115.0, -199.19) (120.0, -199.19)
(120.0, -199.19) (117.5, -203.52)
(117.5, -203.52) (122.5, -203.52)
(122.5, -203.52) (120.0, -199.19)
(120.0, -199.19) (125.0, -199.19)
(125.0, -199.19) (122.5, -194.86)
(122.5, -194.86) (120.0, -190.53)
(120.0, -190.53) (125.0, -190.53)
(125.0, -190.53) (122.5, -194.86)
(122.5, -194.86) (127.5, -194.86)
(127.5, -194.86) (125.0, -190.53)
(125.0, -190.53) (130.0, -190.53)
(130.0, -190.53) (127.5, -186.2)
(127.5, -186.2) (125.0, -181.87)
(125.0, -181.87) (122.5, -177.54)
(122.5, -177.54) (120.0, -173.21)
(120.0, -173.21) (125.0, -173.21)
(125.0, -173.21) (122.5, -177.54)
(122.5, -177.54) (127.5, -177.54)
(127.5, -177.54) (125.0, -173.21)
(125.0, -173.21) (130.0, -173.21)
(130.0, -173.21) (127.5, -177.54)
(127.5, -177.54) (125.0, -181.87)
(125.0, -181.87) (130.0, -181.87)
(130.0, -181.87) (127.5, -186.2)
(127.5, -186.2) (132.5, -186.2)
(132.5, -186.2) (130.0, -181.87)
(130.0, -181.87) (135.0, -181.87)
(135.0, -181.87) (132.5, -177.54)
(132.5, -177.54) (130.0, -173.21)
(130.0, -173.21) (135.0, -173.21)
(135.0, -173.21) (132.5, -177.54)
(132.5, -177.54) (137.5, -177.54)
(137.5, -177.54) (135.0, -173.21)
(135.0, -173.21) (140.0, -173.21)
(140.0, -173.21) (137.5, -168.87)
(137.5, -168.87) (135.0, -164.54)
(135.0, -164.54) (132.5, -160.21)
(132.5, -160.21) (130.0, -155.88)
(130.0, -155.88) (127.5, -151.55)
(127.5, -151.55) (125.0, -147.22)
(125.0, -147.22) (122.5, -142.89)
(122.5, -142.89) (120.0, -138.56)
(120.0, -138.56) (125.0, -138.56)
(125.0, -138.56) (122.5, -142.89)
(122.5, -142.89) (127.5, -142.89)
(127.5, -142.89) (125.0, -138.56)
(125.0, -138.56) (130.0, -138.56)
(130.0, -138.56) (127.5, -142.89)
(127.5, -142.89) (125.0, -147.22)
(125.0, -147.22) (130.0, -147.22)
(130.0, -147.22) (127.5, -151.55)
(127.5, -151.55) (132.5, -151.55)
(132.5, -151.55) (130.0, -147.22)
(130.0, -147.22) (135.0, -147.22)
(135.0, -147.22) (132.5, -142.89)
(132.5, -142.89) (130.0, -138.56)
(130.0, -138.56) (135.0, -138.56)
(135.0, -138.56) (132.5, -142.89)
(132.5, -142.89) (137.5, -142.89)
(137.5, -142.89) (135.0, -138.56)
(135.0, -138.56) (140.0, -138.56)
(140.0, -138.56) (137.5, -142.89)
(137.5, -142.89) (135.0, -147.22)
(135.0, -147.22) (132.5, -151.55)
(132.5, -151.55) (130.0, -155.88)
(130.0, -155.88) (135.0, -155.88)
(135.0, -155.88) (132.5, -160.21)
(132.5, -160.21) (137.5, -160.21)
(137.5, -160.21) (135.0, -155.88)
(135.0, -155.88) (140.0, -155.88)
(140.0, -155.88) (137.5, -160.21)
(137.5, -160.21) (135.0, -164.54)
(135.0, -164.54) (140.0, -164.54)
(140.0, -164.54) (137.5, -168.87)
(137.5, -168.87) (142.5, -168.87)
(142.5, -168.87) (140.0, -164.54)
(140.0, -164.54) (145.0, -164.54)
(145.0, -164.54) (142.5, -160.21)
(142.5, -160.21) (140.0, -155.88)
(140.0, -155.88) (145.0, -155.88)
(145.0, -155.88) (142.5, -160.21)
(142.5, -160.21) (147.5, -160.21)
(147.5, -160.21) (145.0, -155.88)
(145.0, -155.88) (150.0, -155.88)
(150.0, -155.88) (147.5, -151.55)
(147.5, -151.55) (145.0, -147.22)
(145.0, -147.22) (142.5, -142.89)
(142.5, -142.89) (140.0, -138.56)
(140.0, -138.56) (145.0, -138.56)
(145.0, -138.56) (142.5, -142.89)
(142.5, -142.89) (147.5, -142.89)
(147.5, -142.89) (145.0, -138.56)
(145.0, -138.56) (150.0, -138.56)
(150.0, -138.56) (147.5, -142.89)
(147.5, -142.89) (145.0, -147.22)
(145.0, -147.22) (150.0, -147.22)
(150.0, -147.22) (147.5, -151.55)
(147.5, -151.55) (152.5, -151.55)
(152.5, -151.55) (150.0, -147.22)
(150.0, -147.22) (155.0, -147.22)
(155.0, -147.22) (152.5, -142.89)
(152.5, -142.89) (150.0, -138.56)
(150.0, -138.56) (155.0, -138.56)
(155.0, -138.56) (152.5, -142.89)
(152.5, -142.89) (157.5, -142.89)
(157.5, -142.89) (155.0, -138.56)
(155.0, -138.56) (160.0, -138.56)
(160.0, -138.56) (157.5, -142.89)
(157.5, -142.89) (155.0, -147.22)
(155.0, -147.22) (152.5, -151.55)
(152.5, -151.55) (150.0, -155.88)
(150.0, -155.88) (147.5, -160.21)
(147.5, -160.21) (145.0, -164.54)
(145.0, -164.54) (142.5, -168.87)
(142.5, -168.87) (140.0, -173.21)
(140.0, -173.21) (137.5, -177.54)
(137.5, -177.54) (135.0, -181.87)
(135.0, -181.87) (132.5, -186.2)
(132.5, -186.2) (130.0, -190.53)
(130.0, -190.53) (127.5, -194.86)
(127.5, -194.86) (125.0, -199.19)
(125.0, -199.19) (122.5, -203.52)
(122.5, -203.52) (120.0, -207.85)
(120.0, -207.85) (125.0, -207.85)
(125.0, -207.85) (122.5, -212.18)
(122.5, -212.18) (127.5, -212.18)
(127.5, -212.18) (125.0, -207.85)
(125.0, -207.85) (130.0, -207.85)
(130.0, -207.85) (127.5, -212.18)
(127.5, -212.18) (125.0, -216.51)
(125.0, -216.51) (130.0, -216.51)
(130.0, -216.51) (127.5, -220.84)
(127.5, -220.84) (132.5, -220.84)
(132.5, -220.84) (130.0, -216.51)
(130.0, -216.51) (135.0, -216.51)
(135.0, -216.51) (132.5, -212.18)
(132.5, -212.18) (130.0, -207.85)
(130.0, -207.85) (135.0, -207.85)
(135.0, -207.85) (132.5, -212.18)
(132.5, -212.18) (137.5, -212.18)
(137.5, -212.18) (135.0, -207.85)
(135.0, -207.85) (140.0, -207.85)
(140.0, -207.85) (137.5, -212.18)
(137.5, -212.18) (135.0, -216.51)
(135.0, -216.51) (132.5, -220.84)
(132.5, -220.84) (130.0, -225.17)
(130.0, -225.17) (135.0, -225.17)
(135.0, -225.17) (132.5, -229.5)
(132.5, -229.5) (137.5, -229.5)
(137.5, -229.5) (135.0, -225.17)
(135.0, -225.17) (140.0, -225.17)
(140.0, -225.17) (137.5, -229.5)
(137.5, -229.5) (135.0, -233.83)
(135.0, -233.83) (140.0, -233.83)
(140.0, -233.83) (137.5, -238.16)
(137.5, -238.16) (142.5, -238.16)
(142.5, -238.16) (140.0, -233.83)
(140.0, -233.83) (145.0, -233.83)
(145.0, -233.83) (142.5, -229.5)
(142.5, -229.5) (140.0, -225.17)
(140.0, -225.17) (145.0, -225.17)
(145.0, -225.17) (142.5, -229.5)
(142.5, -229.5) (147.5, -229.5)
(147.5, -229.5) (145.0, -225.17)
(145.0, -225.17) (150.0, -225.17)
(150.0, -225.17) (147.5, -220.84)
(147.5, -220.84) (145.0, -216.51)
(145.0, -216.51) (142.5, -212.18)
(142.5, -212.18) (140.0, -207.85)
(140.0, -207.85) (145.0, -207.85)
(145.0, -207.85) (142.5, -212.18)
(142.5, -212.18) (147.5, -212.18)
(147.5, -212.18) (145.0, -207.85)
(145.0, -207.85) (150.0, -207.85)
(150.0, -207.85) (147.5, -212.18)
(147.5, -212.18) (145.0, -216.51)
(145.0, -216.51) (150.0, -216.51)
(150.0, -216.51) (147.5, -220.84)
(147.5, -220.84) (152.5, -220.84)
(152.5, -220.84) (150.0, -216.51)
(150.0, -216.51) (155.0, -216.51)
(155.0, -216.51) (152.5, -212.18)
(152.5, -212.18) (150.0, -207.85)
(150.0, -207.85) (155.0, -207.85)
(155.0, -207.85) (152.5, -212.18)
(152.5, -212.18) (157.5, -212.18)
(157.5, -212.18) (155.0, -207.85)
(155.0, -207.85) (160.0, -207.85)
(160.0, -207.85) (157.5, -212.18)
(157.5, -212.18) (155.0, -216.51)
(155.0, -216.51) (152.5, -220.84)
(152.5, -220.84) (150.0, -225.17)
(150.0, -225.17) (147.5, -229.5)
(147.5, -229.5) (145.0, -233.83)
(145.0, -233.83) (142.5, -238.16)
(142.5, -238.16) (140.0, -242.49)
(140.0, -242.49) (145.0, -242.49)
(145.0, -242.49) (142.5, -246.82)
(142.5, -246.82) (147.5, -246.82)
(147.5, -246.82) (145.0, -242.49)
(145.0, -242.49) (150.0, -242.49)
(150.0, -242.49) (147.5, -246.82)
(147.5, -246.82) (145.0, -251.15)
(145.0, -251.15) (150.0, -251.15)
(150.0, -251.15) (147.5, -255.48)
(147.5, -255.48) (152.5, -255.48)
(152.5, -255.48) (150.0, -251.15)
(150.0, -251.15) (155.0, -251.15)
(155.0, -251.15) (152.5, -246.82)
(152.5, -246.82) (150.0, -242.49)
(150.0, -242.49) (155.0, -242.49)
(155.0, -242.49) (152.5, -246.82)
(152.5, -246.82) (157.5, -246.82)
(157.5, -246.82) (155.0, -242.49)
(155.0, -242.49) (160.0, -242.49)
(160.0, -242.49) (157.5, -246.82)
(157.5, -246.82) (155.0, -251.15)
(155.0, -251.15) (152.5, -255.48)
(152.5, -255.48) (150.0, -259.81)
(150.0, -259.81) (155.0, -259.81)
(155.0, -259.81) (152.5, -264.14)
(152.5, -264.14) (157.5, -264.14)
(157.5, -264.14) (155.0, -259.81)
(155.0, -259.81) (160.0, -259.81)
(160.0, -259.81) (157.5, -264.14)
(157.5, -264.14) (155.0, -268.47)
(155.0, -268.47) (160.0, -268.47)
(160.0, -268.47) (157.5, -272.8)
(157.5, -272.8) (162.5, -272.8)
(162.5, -272.8) (160.0, -268.47)
(160.0, -268.47) (165.0, -268.47)
(165.0, -268.47) (162.5, -264.14)
(162.5, -264.14) (160.0, -259.81)
(160.0, -259.81) (165.0, -259.81)
(165.0, -259.81) (162.5, -264.14)
(162.5, -264.14) (167.5, -264.14)
(167.5, -264.14) (165.0, -259.81)
(165.0, -259.81) (170.0, -259.81)
(170.0, -259.81) (167.5, -255.48)
(167.5, -255.48) (165.0, -251.15)
(165.0, -251.15) (162.5, -246.82)
(162.5, -246.82) (160.0, -242.49)
(160.0, -242.49) (165.0, -242.49)
(165.0, -242.49) (162.5, -246.82)
(162.5, -246.82) (167.5, -246.82)
(167.5, -246.82) (165.0, -242.49)
(165.0, -242.49) (170.0, -242.49)
(170.0, -242.49) (167.5, -246.82)
(167.5, -246.82) (165.0, -251.15)
(165.0, -251.15) (170.0, -251.15)
(170.0, -251.15) (167.5, -255.48)
(167.5, -255.48) (172.5, -255.48)
(172.5, -255.48) (170.0, -251.15)
(170.0, -251.15) (175.0, -251.15)
(175.0, -251.15) (172.5, -246.82)
(172.5, -246.82) (170.0, -242.49)
(170.0, -242.49) (175.0, -242.49)
(175.0, -242.49) (172.5, -246.82)
(172.5, -246.82) (177.5, -246.82)
(177.5, -246.82) (175.0, -242.49)
(175.0, -242.49) (180.0, -242.49)
(180.0, -242.49) (177.5, -238.16)
(177.5, -238.16) (175.0, -233.83)
(175.0, -233.83) (172.5, -229.5)
(172.5, -229.5) (170.0, -225.17)
(170.0, -225.17) (167.5, -220.84)
(167.5, -220.84) (165.0, -216.51)
(165.0, -216.51) (162.5, -212.18)
(162.5, -212.18) (160.0, -207.85)
(160.0, -207.85) (165.0, -207.85)
(165.0, -207.85) (162.5, -212.18)
(162.5, -212.18) (167.5, -212.18)
(167.5, -212.18) (165.0, -207.85)
(165.0, -207.85) (170.0, -207.85)
(170.0, -207.85) (167.5, -212.18)
(167.5, -212.18) (165.0, -216.51)
(165.0, -216.51) (170.0, -216.51)
(170.0, -216.51) (167.5, -220.84)
(167.5, -220.84) (172.5, -220.84)
(172.5, -220.84) (170.0, -216.51)
(170.0, -216.51) (175.0, -216.51)
(175.0, -216.51) (172.5, -212.18)
(172.5, -212.18) (170.0, -207.85)
(170.0, -207.85) (175.0, -207.85)
(175.0, -207.85) (172.5, -212.18)
(172.5, -212.18) (177.5, -212.18)
(177.5, -212.18) (175.0, -207.85)
(175.0, -207.85) (180.0, -207.85)
(180.0, -207.85) (177.5, -212.18)
(177.5, -212.18) (175.0, -216.51)
(175.0, -216.51) (172.5, -220.84)
(172.5, -220.84) (170.0, -225.17)
(170.0, -225.17) (175.0, -225.17)
(175.0, -225.17) (172.5, -229.5)
(172.5, -229.5) (177.5, -229.5)
(177.5, -229.5) (175.0, -225.17)
(175.0, -225.17) (180.0, -225.17)
(180.0, -225.17) (177.5, -229.5)
(177.5, -229.5) (175.0, -233.83)
(175.0, -233.83) (180.0, -233.83)
(180.0, -233.83) (177.5, -238.16)
(177.5, -238.16) (182.5, -238.16)
(182.5, -238.16) (180.0, -233.83)
(180.0, -233.83) (185.0, -233.83)
(185.0, -233.83) (182.5, -229.5)
(182.5, -229.5) (180.0, -225.17)
(180.0, -225.17) (185.0, -225.17)
(185.0, -225.17) (182.5, -229.5)
(182.5, -229.5) (187.5, -229.5)
(187.5, -229.5) (185.0, -225.17)
(185.0, -225.17) (190.0, -225.17)
(190.0, -225.17) (187.5, -220.84)
(187.5, -220.84) (185.0, -216.51)
(185.0, -216.51) (182.5, -212.18)
(182.5, -212.18) (180.0, -207.85)
(180.0, -207.85) (185.0, -207.85)
(185.0, -207.85) (182.5, -212.18)
(182.5, -212.18) (187.5, -212.18)
(187.5, -212.18) (185.0, -207.85)
(185.0, -207.85) (190.0, -207.85)
(190.0, -207.85) (187.5, -212.18)
(187.5, -212.18) (185.0, -216.51)
(185.0, -216.51) (190.0, -216.51)
(190.0, -216.51) (187.5, -220.84)
(187.5, -220.84) (192.5, -220.84)
(192.5, -220.84) (190.0, -216.51)
(190.0, -216.51) (195.0, -216.51)
(195.0, -216.51) (192.5, -212.18)
(192.5, -212.18) (190.0, -207.85)
(190.0, -207.85) (195.0, -207.85)
(195.0, -207.85) (192.5, -212.18)
(192.5, -212.18) (197.5, -212.18)
(197.5, -212.18) (195.0, -207.85)
(195.0, -207.85) (200.0, -207.85)
(200.0, -207.85) (197.5, -203.52)
(197.5, -203.52) (195.0, -199.19)
(195.0, -199.19) (192.5, -194.86)
(192.5, -194.86) (190.0, -190.53)
(190.0, -190.53) (187.5, -186.2)
(187.5, -186.2) (185.0, -181.87)
(185.0, -181.87) (182.5, -177.54)
(182.5, -177.54) (180.0, -173.21)
(180.0, -173.21) (177.5, -168.87)
(177.5, -168.87) (175.0, -164.54)
(175.0, -164.54) (172.5, -160.21)
(172.5, -160.21) (170.0, -155.88)
(170.0, -155.88) (167.5, -151.55)
(167.5, -151.55) (165.0, -147.22)
(165.0, -147.22) (162.5, -142.89)
(162.5, -142.89) (160.0, -138.56)
(160.0, -138.56) (165.0, -138.56)
(165.0, -138.56) (162.5, -142.89)
(162.5, -142.89) (167.5, -142.89)
(167.5, -142.89) (165.0, -138.56)
(165.0, -138.56) (170.0, -138.56)
(170.0, -138.56) (167.5, -142.89)
(167.5, -142.89) (165.0, -147.22)
(165.0, -147.22) (170.0, -147.22)
(170.0, -147.22) (167.5, -151.55)
(167.5, -151.55) (172.5, -151.55)
(172.5, -151.55) (170.0, -147.22)
(170.0, -147.22) (175.0, -147.22)
(175.0, -147.22) (172.5, -142.89)
(172.5, -142.89) (170.0, -138.56)
(170.0, -138.56) (175.0, -138.56)
(175.0, -138.56) (172.5, -142.89)
(172.5, -142.89) (177.5, -142.89)
(177.5, -142.89) (175.0, -138.56)
(175.0, -138.56) (180.0, -138.56)
(180.0, -138.56) (177.5, -142.89)
(177.5, -142.89) (175.0, -147.22)
(175.0, -147.22) (172.5, -151.55)
(172.5, -151.55) (170.0, -155.88)
(170.0, -155.88) (175.0, -155.88)
(175.0, -155.88) (172.5, -160.21)
(172.5, -160.21) (177.5, -160.21)
(177.5, -160.21) (175.0, -155.88)
(175.0, -155.88) (180.0, -155.88)
(180.0, -155.88) (177.5, -160.21)
(177.5, -160.21) (175.0, -164.54)
(175.0, -164.54) (180.0, -164.54)
(180.0, -164.54) (177.5, -168.87)
(177.5, -168.87) (182.5, -168.87)
(182.5, -168.87) (180.0, -164.54)
(180.0, -164.54) (185.0, -164.54)
(185.0, -164.54) (182.5, -160.21)
(182.5, -160.21) (180.0, -155.88)
(180.0, -155.88) (185.0, -155.88)
(185.0, -155.88) (182.5, -160.21)
(182.5, -160.21) (187.5, -160.21)
(187.5, -160.21) (185.0, -155.88)
(185.0, -155.88) (190.0, -155.88)
(190.0, -155.88) (187.5, -151.55)
(187.5, -151.55) (185.0, -147.22)
(185.0, -147.22) (182.5, -142.89)
(182.5, -142.89) (180.0, -138.56)
(180.0, -138.56) (185.0, -138.56)
(185.0, -138.56) (182.5, -142.89)
(182.5, -142.89) (187.5, -142.89)
(187.5, -142.89) (185.0, -138.56)
(185.0, -138.56) (190.0, -138.56)
(190.0, -138.56) (187.5, -142.89)
(187.5, -142.89) (185.0, -147.22)
(185.0, -147.22) (190.0, -147.22)
(190.0, -147.22) (187.5, -151.55)
(187.5, -151.55) (192.5, -151.55)
(192.5, -151.55) (190.0, -147.22)
(190.0, -147.22) (195.0, -147.22)
(195.0, -147.22) (192.5, -142.89)
(192.5, -142.89) (190.0, -138.56)
(190.0, -138.56) (195.0, -138.56)
(195.0, -138.56) (192.5, -142.89)
(192.5, -142.89) (197.5, -142.89)
(197.5, -142.89) (195.0, -138.56)
(195.0, -138.56) (200.0, -138.56)
(200.0, -138.56) (197.5, -142.89)
(197.5, -142.89) (195.0, -147.22)
(195.0, -147.22) (192.5, -151.55)
(192.5, -151.55) (190.0, -155.88)
(190.0, -155.88) (187.5, -160.21)
(187.5, -160.21) (185.0, -164.54)
(185.0, -164.54) (182.5, -168.87)
(182.5, -168.87) (180.0, -173.21)
(180.0, -173.21) (185.0, -173.21)
(185.0, -173.21) (182.5, -177.54)
(182.5, -177.54) (187.5, -177.54)
(187.5, -177.54) (185.0, -173.21)
(185.0, -173.21) (190.0, -173.21)
(190.0, -173.21) (187.5, -177.54)
(187.5, -177.54) (185.0, -181.87)
(185.0, -181.87) (190.0, -181.87)
(190.0, -181.87) (187.5, -186.2)
(187.5, -186.2) (192.5, -186.2)
(192.5, -186.2) (190.0, -181.87)
(190.0, -181.87) (195.0, -181.87)
(195.0, -181.87) (192.5, -177.54)
(192.5, -177.54) (190.0, -173.21)
(190.0, -173.21) (195.0, -173.21)
(195.0, -173.21) (192.5, -177.54)
(192.5, -177.54) (197.5, -177.54)
(197.5, -177.54) (195.0, -173.21)
(195.0, -173.21) (200.0, -173.21)
(200.0, -173.21) (197.5, -177.54)
(197.5, -177.54) (195.0, -181.87)
(195.0, -181.87) (192.5, -186.2)
(192.5, -186.2) (190.0, -190.53)
(190.0, -190.53) (195.0, -190.53)
(195.0, -190.53) (192.5, -194.86)
(192.5, -194.86) (197.5, -194.86)
(197.5, -194.86) (195.0, -190.53)
(195.0, -190.53) (200.0, -190.53)
(200.0, -190.53) (197.5, -194.86)
(197.5, -194.86) (195.0, -199.19)
(195.0, -199.19) (200.0, -199.19)
(200.0, -199.19) (197.5, -203.52)
(197.5, -203.52) (202.5, -203.52)
(202.5, -203.52) (200.0, -199.19)
(200.0, -199.19) (205.0, -199.19)
(205.0, -199.19) (202.5, -194.86)
(202.5, -194.86) (200.0, -190.53)
(200.0, -190.53) (205.0, -190.53)
(205.0, -190.53) (202.5, -194.86)
(202.5, -194.86) (207.5, -194.86)
(207.5, -194.86) (205.0, -190.53)
(205.0, -190.53) (210.0, -190.53)
(210.0, -190.53) (207.5, -186.2)
(207.5, -186.2) (205.0, -181.87)
(205.0, -181.87) (202.5, -177.54)
(202.5, -177.54) (200.0, -173.21)
(200.0, -173.21) (205.0, -173.21)
(205.0, -173.21) (202.5, -177.54)
(202.5, -177.54) (207.5, -177.54)
(207.5, -177.54) (205.0, -173.21)
(205.0, -173.21) (210.0, -173.21)
(210.0, -173.21) (207.5, -177.54)
(207.5, -177.54) (205.0, -181.87)
(205.0, -181.87) (210.0, -181.87)
(210.0, -181.87) (207.5, -186.2)
(207.5, -186.2) (212.5, -186.2)
(212.5, -186.2) (210.0, -181.87)
(210.0, -181.87) (215.0, -181.87)
(215.0, -181.87) (212.5, -177.54)
(212.5, -177.54) (210.0, -173.21)
(210.0, -173.21) (215.0, -173.21)
(215.0, -173.21) (212.5, -177.54)
(212.5, -177.54) (217.5, -177.54)
(217.5, -177.54) (215.0, -173.21)
(215.0, -173.21) (220.0, -173.21)
(220.0, -173.21) (217.5, -168.87)
(217.5, -168.87) (215.0, -164.54)
(215.0, -164.54) (212.5, -160.21)
(212.5, -160.21) (210.0, -155.88)
(210.0, -155.88) (207.5, -151.55)
(207.5, -151.55) (205.0, -147.22)
(205.0, -147.22) (202.5, -142.89)
(202.5, -142.89) (200.0, -138.56)
(200.0, -138.56) (205.0, -138.56)
(205.0, -138.56) (202.5, -142.89)
(202.5, -142.89) (207.5, -142.89)
(207.5, -142.89) (205.0, -138.56)
(205.0, -138.56) (210.0, -138.56)
(210.0, -138.56) (207.5, -142.89)
(207.5, -142.89) (205.0, -147.22)
(205.0, -147.22) (210.0, -147.22)
(210.0, -147.22) (207.5, -151.55)
(207.5, -151.55) (212.5, -151.55)
(212.5, -151.55) (210.0, -147.22)
(210.0, -147.22) (215.0, -147.22)
(215.0, -147.22) (212.5, -142.89)
(212.5, -142.89) (210.0, -138.56)
(210.0, -138.56) (215.0, -138.56)
(215.0, -138.56) (212.5, -142.89)
(212.5, -142.89) (217.5, -142.89)
(217.5, -142.89) (215.0, -138.56)
(215.0, -138.56) (220.0, -138.56)
(220.0, -138.56) (217.5, -142.89)
(217.5, -142.89) (215.0, -147.22)
(215.0, -147.22) (212.5, -151.55)
(212.5, -151.55) (210.0, -155.88)
(210.0, -155.88) (215.0, -155.88)
(215.0, -155.88) (212.5, -160.21)
(212.5, -160.21) (217.5, -160.21)
(217.5, -160.21) (215.0, -155.88)
(215.0, -155.88) (220.0, -155.88)
(220.0, -155.88) (217.5, -160.21)
(217.5, -160.21) (215.0, -164.54)
(215.0, -164.54) (220.0, -164.54)
(220.0, -164.54) (217.5, -168.87)
(217.5, -168.87) (222.5, -168.87)
(222.5, -168.87) (220.0, -164.54)
(220.0, -164.54) (225.0, -164.54)
(225.0, -164.54) (222.5, -160.21)
(222.5, -160.21) (220.0, -155.88)
(220.0, -155.88) (225.0, -155.88)
(225.0, -155.88) (222.5, -160.21)
(222.5, -160.21) (227.5, -160.21)
(227.5, -160.21) (225.0, -155.88)
(225.0, -155.88) (230.0, -155.88)
(230.0, -155.88) (227.5, -151.55)
(227.5, -151.55) (225.0, -147.22)
(225.0, -147.22) (222.5, -142.89)
(222.5, -142.89) (220.0, -138.56)
(220.0, -138.56) (225.0, -138.56)
(225.0, -138.56) (222.5, -142.89)
(222.5, -142.89) (227.5, -142.89)
(227.5, -142.89) (225.0, -138.56)
(225.0, -138.56) (230.0, -138.56)
(230.0, -138.56) (227.5, -142.89)
(227.5, -142.89) (225.0, -147.22)
(225.0, -147.22) (230.0, -147.22)
(230.0, -147.22) (227.5, -151.55)
(227.5, -151.55) (232.5, -151.55)
(232.5, -151.55) (230.0, -147.22)
(230.0, -147.22) (235.0, -147.22)
(235.0, -147.22) (232.5, -142.89)
(232.5, -142.89) (230.0, -138.56)
(230.0, -138.56) (235.0, -138.56)
(235.0, -138.56) (232.5, -142.89)
(232.5, -142.89) (237.5, -142.89)
(237.5, -142.89) (235.0, -138.56)
(235.0, -138.56) (240.0, -138.56)
(240.0, -138.56) (237.5, -134.23)
(237.5, -134.23) (235.0, -129.9)
(235.0, -129.9) (232.5, -125.57)
(232.5, -125.57) (230.0, -121.24)
(230.0, -121.24) (227.5, -116.91)
(227.5, -116.91) (225.0, -112.58)
(225.0, -112.58) (222.5, -108.25)
(222.5, -108.25) (220.0, -103.92)
(220.0, -103.92) (217.5, -99.59)
(217.5, -99.59) (215.0, -95.26)
(215.0, -95.26) (212.5, -90.93)
(212.5, -90.93) (210.0, -86.6)
(210.0, -86.6) (207.5, -82.27)
(207.5, -82.27) (205.0, -77.94)
(205.0, -77.94) (202.5, -73.61)
(202.5, -73.61) (200.0, -69.28)
(200.0, -69.28) (197.5, -64.95)
(197.5, -64.95) (195.0, -60.62)
(195.0, -60.62) (192.5, -56.29)
(192.5, -56.29) (190.0, -51.96)
(190.0, -51.96) (187.5, -47.63)
(187.5, -47.63) (185.0, -43.3)
(185.0, -43.3) (182.5, -38.97)
(182.5, -38.97) (180.0, -34.64)
(180.0, -34.64) (177.5, -30.31)
(177.5, -30.31) (175.0, -25.98)
(175.0, -25.98) (172.5, -21.65)
(172.5, -21.65) (170.0, -17.32)
(170.0, -17.32) (167.5, -12.99)
(167.5, -12.99) (165.0, -8.66)
(165.0, -8.66) (162.5, -4.33)
(162.5, -4.33) (160.0, 0.0)
(160.0, 0.0) (165.0, 0.0)
(165.0, 0.0) (162.5, -4.33)
(162.5, -4.33) (167.5, -4.33)
(167.5, -4.33) (165.0, 0.0)
(165.0, 0.0) (170.0, 0.0)
(170.0, 0.0) (167.5, -4.33)
(167.5, -4.33) (165.0, -8.66)
(165.0, -8.66) (170.0, -8.66)
(170.0, -8.66) (167.5, -12.99)
(167.5, -12.99) (172.5, -12.99)
(172.5, -12.99) (170.0, -8.66)
(170.0, -8.66) (175.0, -8.66)
(175.0, -8.66) (172.5, -4.33)
(172.5, -4.33) (170.0, 0.0)
(170.0, 0.0) (175.0, 0.0)
(175.0, 0.0) (172.5, -4.33)
(172.5, -4.33) (177.5, -4.33)
(177.5, -4.33) (175.0, 0.0)
(175.0, 0.0) (180.0, 0.0)
(180.0, 0.0) (177.5, -4.33)
(177.5, -4.33) (175.0, -8.66)
(175.0, -8.66) (172.5, -12.99)
(172.5, -12.99) (170.0, -17.32)
(170.0, -17.32) (175.0, -17.32)
(175.0, -17.32) (172.5, -21.65)
(172.5, -21.65) (177.5, -21.65)
(177.5, -21.65) (175.0, -17.32)
(175.0, -17.32) (180.0, -17.32)
(180.0, -17.32) (177.5, -21.65)
(177.5, -21.65) (175.0, -25.98)
(175.0, -25.98) (180.0, -25.98)
(180.0, -25.98) (177.5, -30.31)
(177.5, -30.31) (182.5, -30.31)
(182.5, -30.31) (180.0, -25.98)
(180.0, -25.98) (185.0, -25.98)
(185.0, -25.98) (182.5, -21.65)
(182.5, -21.65) (180.0, -17.32)
(180.0, -17.32) (185.0, -17.32)
(185.0, -17.32) (182.5, -21.65)
(182.5, -21.65) (187.5, -21.65)
(187.5, -21.65) (185.0, -17.32)
(185.0, -17.32) (190.0, -17.32)
(190.0, -17.32) (187.5, -12.99)
(187.5, -12.99) (185.0, -8.66)
(185.0, -8.66) (182.5, -4.33)
(182.5, -4.33) (180.0, 0.0)
(180.0, 0.0) (185.0, 0.0)
(185.0, 0.0) (182.5, -4.33)
(182.5, -4.33) (187.5, -4.33)
(187.5, -4.33) (185.0, 0.0)
(185.0, 0.0) (190.0, 0.0)
(190.0, 0.0) (187.5, -4.33)
(187.5, -4.33) (185.0, -8.66)
(185.0, -8.66) (190.0, -8.66)
(190.0, -8.66) (187.5, -12.99)
(187.5, -12.99) (192.5, -12.99)
(192.5, -12.99) (190.0, -8.66)
(190.0, -8.66) (195.0, -8.66)
(195.0, -8.66) (192.5, -4.33)
(192.5, -4.33) (190.0, 0.0)
(190.0, 0.0) (195.0, 0.0)
(195.0, 0.0) (192.5, -4.33)
(192.5, -4.33) (197.5, -4.33)
(197.5, -4.33) (195.0, 0.0)
(195.0, 0.0) (200.0, 0.0)
(200.0, 0.0) (197.5, -4.33)
(197.5, -4.33) (195.0, -8.66)
(195.0, -8.66) (192.5, -12.99)
(192.5, -12.99) (190.0, -17.32)
(190.0, -17.32) (187.5, -21.65)
(187.5, -21.65) (185.0, -25.98)
(185.0, -25.98) (182.5, -30.31)
(182.5, -30.31) (180.0, -34.64)
(180.0, -34.64) (185.0, -34.64)
(185.0, -34.64) (182.5, -38.97)
(182.5, -38.97) (187.5, -38.97)
(187.5, -38.97) (185.0, -34.64)
(185.0, -34.64) (190.0, -34.64)
(190.0, -34.64) (187.5, -38.97)
(187.5, -38.97) (185.0, -43.3)
(185.0, -43.3) (190.0, -43.3)
(190.0, -43.3) (187.5, -47.63)
(187.5, -47.63) (192.5, -47.63)
(192.5, -47.63) (190.0, -43.3)
(190.0, -43.3) (195.0, -43.3)
(195.0, -43.3) (192.5, -38.97)
(192.5, -38.97) (190.0, -34.64)
(190.0, -34.64) (195.0, -34.64)
(195.0, -34.64) (192.5, -38.97)
(192.5, -38.97) (197.5, -38.97)
(197.5, -38.97) (195.0, -34.64)
(195.0, -34.64) (200.0, -34.64)
(200.0, -34.64) (197.5, -38.97)
(197.5, -38.97) (195.0, -43.3)
(195.0, -43.3) (192.5, -47.63)
(192.5, -47.63) (190.0, -51.96)
(190.0, -51.96) (195.0, -51.96)
(195.0, -51.96) (192.5, -56.29)
(192.5, -56.29) (197.5, -56.29)
(197.5, -56.29) (195.0, -51.96)
(195.0, -51.96) (200.0, -51.96)
(200.0, -51.96) (197.5, -56.29)
(197.5, -56.29) (195.0, -60.62)
(195.0, -60.62) (200.0, -60.62)
(200.0, -60.62) (197.5, -64.95)
(197.5, -64.95) (202.5, -64.95)
(202.5, -64.95) (200.0, -60.62)
(200.0, -60.62) (205.0, -60.62)
(205.0, -60.62) (202.5, -56.29)
(202.5, -56.29) (200.0, -51.96)
(200.0, -51.96) (205.0, -51.96)
(205.0, -51.96) (202.5, -56.29)
(202.5, -56.29) (207.5, -56.29)
(207.5, -56.29) (205.0, -51.96)
(205.0, -51.96) (210.0, -51.96)
(210.0, -51.96) (207.5, -47.63)
(207.5, -47.63) (205.0, -43.3)
(205.0, -43.3) (202.5, -38.97)
(202.5, -38.97) (200.0, -34.64)
(200.0, -34.64) (205.0, -34.64)
(205.0, -34.64) (202.5, -38.97)
(202.5, -38.97) (207.5, -38.97)
(207.5, -38.97) (205.0, -34.64)
(205.0, -34.64) (210.0, -34.64)
(210.0, -34.64) (207.5, -38.97)
(207.5, -38.97) (205.0, -43.3)
(205.0, -43.3) (210.0, -43.3)
(210.0, -43.3) (207.5, -47.63)
(207.5, -47.63) (212.5, -47.63)
(212.5, -47.63) (210.0, -43.3)
(210.0, -43.3) (215.0, -43.3)
(215.0, -43.3) (212.5, -38.97)
(212.5, -38.97) (210.0, -34.64)
(210.0, -34.64) (215.0, -34.64)
(215.0, -34.64) (212.5, -38.97)
(212.5, -38.97) (217.5, -38.97)
(217.5, -38.97) (215.0, -34.64)
(215.0, -34.64) (220.0, -34.64)
(220.0, -34.64) (217.5, -30.31)
(217.5, -30.31) (215.0, -25.98)
(215.0, -25.98) (212.5, -21.65)
(212.5, -21.65) (210.0, -17.32)
(210.0, -17.32) (207.5, -12.99)
(207.5, -12.99) (205.0, -8.66)
(205.0, -8.66) (202.5, -4.33)
(202.5, -4.33) (200.0, 0.0)
(200.0, 0.0) (205.0, 0.0)
(205.0, 0.0) (202.5, -4.33)
(202.5, -4.33) (207.5, -4.33)
(207.5, -4.33) (205.0, 0.0)
(205.0, 0.0) (210.0, 0.0)
(210.0, 0.0) (207.5, -4.33)
(207.5, -4.33) (205.0, -8.66)
(205.0, -8.66) (210.0, -8.66)
(210.0, -8.66) (207.5, -12.99)
(207.5, -12.99) (212.5, -12.99)
(212.5, -12.99) (210.0, -8.66)
(210.0, -8.66) (215.0, -8.66)
(215.0, -8.66) (212.5, -4.33)
(212.5, -4.33) (210.0, 0.0)
(210.0, 0.0) (215.0, 0.0)
(215.0, 0.0) (212.5, -4.33)
(212.5, -4.33) (217.5, -4.33)
(217.5, -4.33) (215.0, 0.0)
(215.0, 0.0) (220.0, 0.0)
(220.0, 0.0) (217.5, -4.33)
(217.5, -4.33) (215.0, -8.66)
(215.0, -8.66) (212.5, -12.99)
(212.5, -12.99) (210.0, -17.32)
(210.0, -17.32) (215.0, -17.32)
(215.0, -17.32) (212.5, -21.65)
(212.5, -21.65) (217.5, -21.65)
(217.5, -21.65) (215.0, -17.32)
(215.0, -17.32) (220.0, -17.32)
(220.0, -17.32) (217.5, -21.65)
(217.5, -21.65) (215.0, -25.98)
(215.0, -25.98) (220.0, -25.98)
(220.0, -25.98) (217.5, -30.31)
(217.5, -30.31) (222.5, -30.31)
(222.5, -30.31) (220.0, -25.98)
(220.0, -25.98) (225.0, -25.98)
(225.0, -25.98) (222.5, -21.65)
(222.5, -21.65) (220.0, -17.32)
(220.0, -17.32) (225.0, -17.32)
(225.0, -17.32) (222.5, -21.65)
(222.5, -21.65) (227.5, -21.65)
(227.5, -21.65) (225.0, -17.32)
(225.0, -17.32) (230.0, -17.32)
(230.0, -17.32) (227.5, -12.99)
(227.5, -12.99) (225.0, -8.66)
(225.0, -8.66) (222.5, -4.33)
(222.5, -4.33) (220.0, 0.0)
(220.0, 0.0) (225.0, 0.0)
(225.0, 0.0) (222.5, -4.33)
(222.5, -4.33) (227.5, -4.33)
(227.5, -4.33) (225.0, 0.0)
(225.0, 0.0) (230.0, 0.0)
(230.0, 0.0) (227.5, -4.33)
(227.5, -4.33) (225.0, -8.66)
(225.0, -8.66) (230.0, -8.66)
(230.0, -8.66) (227.5, -12.99)
(227.5, -12.99) (232.5, -12.99)
(232.5, -12.99) (230.0, -8.66)
(230.0, -8.66) (235.0, -8.66)
(235.0, -8.66) (232.5, -4.33)
(232.5, -4.33) (230.0, 0.0)
(230.0, 0.0) (235.0, 0.0)
(235.0, 0.0) (232.5, -4.33)
(232.5, -4.33) (237.5, -4.33)
(237.5, -4.33) (235.0, 0.0)
(235.0, 0.0) (240.0, 0.0)
(240.0, 0.0) (237.5, -4.33)
(237.5, -4.33) (235.0, -8.66)
(235.0, -8.66) (232.5, -12.99)
(232.5, -12.99) (230.0, -17.32)
(230.0, -17.32) (227.5, -21.65)
(227.5, -21.65) (225.0, -25.98)
(225.0, -25.98) (222.5, -30.31)
(222.5, -30.31) (220.0, -34.64)
(220.0, -34.64) (217.5, -38.97)
(217.5, -38.97) (215.0, -43.3)
(215.0, -43.3) (212.5, -47.63)
(212.5, -47.63) (210.0, -51.96)
(210.0, -51.96) (207.5, -56.29)
(207.5, -56.29) (205.0, -60.62)
(205.0, -60.62) (202.5, -64.95)
(202.5, -64.95) (200.0, -69.28)
(200.0, -69.28) (205.0, -69.28)
(205.0, -69.28) (202.5, -73.61)
(202.5, -73.61) (207.5, -73.61)
(207.5, -73.61) (205.0, -69.28)
(205.0, -69.28) (210.0, -69.28)
(210.0, -69.28) (207.5, -73.61)
(207.5, -73.61) (205.0, -77.94)
(205.0, -77.94) (210.0, -77.94)
(210.0, -77.94) (207.5, -82.27)
(207.5, -82.27) (212.5, -82.27)
(212.5, -82.27) (210.0, -77.94)
(210.0, -77.94) (215.0, -77.94)
(215.0, -77.94) (212.5, -73.61)
(212.5, -73.61) (210.0, -69.28)
(210.0, -69.28) (215.0, -69.28)
(215.0, -69.28) (212.5, -73.61)
(212.5, -73.61) (217.5, -73.61)
(217.5, -73.61) (215.0, -69.28)
(215.0, -69.28) (220.0, -69.28)
(220.0, -69.28) (217.5, -73.61)
(217.5, -73.61) (215.0, -77.94)
(215.0, -77.94) (212.5, -82.27)
(212.5, -82.27) (210.0, -86.6)
(210.0, -86.6) (215.0, -86.6)
(215.0, -86.6) (212.5, -90.93)
(212.5, -90.93) (217.5, -90.93)
(217.5, -90.93) (215.0, -86.6)
(215.0, -86.6) (220.0, -86.6)
(220.0, -86.6) (217.5, -90.93)
(217.5, -90.93) (215.0, -95.26)
(215.0, -95.26) (220.0, -95.26)
(220.0, -95.26) (217.5, -99.59)
(217.5, -99.59) (222.5, -99.59)
(222.5, -99.59) (220.0, -95.26)
(220.0, -95.26) (225.0, -95.26)
(225.0, -95.26) (222.5, -90.93)
(222.5, -90.93) (220.0, -86.6)
(220.0, -86.6) (225.0, -86.6)
(225.0, -86.6) (222.5, -90.93)
(222.5, -90.93) (227.5, -90.93)
(227.5, -90.93) (225.0, -86.6)
(225.0, -86.6) (230.0, -86.6)
(230.0, -86.6) (227.5, -82.27)
(227.5, -82.27) (225.0, -77.94)
(225.0, -77.94) (222.5, -73.61)
(222.5, -73.61) (220.0, -69.28)
(220.0, -69.28) (225.0, -69.28)
(225.0, -69.28) (222.5, -73.61)
(222.5, -73.61) (227.5, -73.61)
(227.5, -73.61) (225.0, -69.28)
(225.0, -69.28) (230.0, -69.28)
(230.0, -69.28) (227.5, -73.61)
(227.5, -73.61) (225.0, -77.94)
(225.0, -77.94) (230.0, -77.94)
(230.0, -77.94) (227.5, -82.27)
(227.5, -82.27) (232.5, -82.27)
(232.5, -82.27) (230.0, -77.94)
(230.0, -77.94) (235.0, -77.94)
(235.0, -77.94) (232.5, -73.61)
(232.5, -73.61) (230.0, -69.28)
(230.0, -69.28) (235.0, -69.28)
(235.0, -69.28) (232.5, -73.61)
(232.5, -73.61) (237.5, -73.61)
(237.5, -73.61) (235.0, -69.28)
(235.0, -69.28) (240.0, -69.28)
(240.0, -69.28) (237.5, -73.61)
(237.5, -73.61) (235.0, -77.94)
(235.0, -77.94) (232.5, -82.27)
(232.5, -82.27) (230.0, -86.6)
(230.0, -86.6) (227.5, -90.93)
(227.5, -90.93) (225.0, -95.26)
(225.0, -95.26) (222.5, -99.59)
(222.5, -99.59) (220.0, -103.92)
(220.0, -103.92) (225.0, -103.92)
(225.0, -103.92) (222.5, -108.25)
(222.5, -108.25) (227.5, -108.25)
(227.5, -108.25) (225.0, -103.92)
(225.0, -103.92) (230.0, -103.92)
(230.0, -103.92) (227.5, -108.25)
(227.5, -108.25) (225.0, -112.58)
(225.0, -112.58) (230.0, -112.58)
(230.0, -112.58) (227.5, -116.91)
(227.5, -116.91) (232.5, -116.91)
(232.5, -116.91) (230.0, -112.58)
(230.0, -112.58) (235.0, -112.58)
(235.0, -112.58) (232.5, -108.25)
(232.5, -108.25) (230.0, -103.92)
(230.0, -103.92) (235.0, -103.92)
(235.0, -103.92) (232.5, -108.25)
(232.5, -108.25) (237.5, -108.25)
(237.5, -108.25) (235.0, -103.92)
(235.0, -103.92) (240.0, -103.92)
(240.0, -103.92) (237.5, -108.25)
(237.5, -108.25) (235.0, -112.58)
(235.0, -112.58) (232.5, -116.91)
(232.5, -116.91) (230.0, -121.24)
(230.0, -121.24) (235.0, -121.24)
(235.0, -121.24) (232.5, -125.57)
(232.5, -125.57) (237.5, -125.57)
(237.5, -125.57) (235.0, -121.24)
(235.0, -121.24) (240.0, -121.24)
(240.0, -121.24) (237.5, -125.57)
(237.5, -125.57) (235.0, -129.9)
(235.0, -129.9) (240.0, -129.9)
(240.0, -129.9) (237.5, -134.23)
(237.5, -134.23) (242.5, -134.23)
(242.5, -134.23) (240.0, -129.9)
(240.0, -129.9) (245.0, -129.9)
(245.0, -129.9) (242.5, -125.57)
(242.5, -125.57) (240.0, -121.24)
(240.0, -121.24) (245.0, -121.24)
(245.0, -121.24) (242.5, -125.57)
(242.5, -125.57) (247.5, -125.57)
(247.5, -125.57) (245.0, -121.24)
(245.0, -121.24) (250.0, -121.24)
(250.0, -121.24) (247.5, -116.91)
(247.5, -116.91) (245.0, -112.58)
(245.0, -112.58) (242.5, -108.25)
(242.5, -108.25) (240.0, -103.92)
(240.0, -103.92) (245.0, -103.92)
(245.0, -103.92) (242.5, -108.25)
(242.5, -108.25) (247.5, -108.25)
(247.5, -108.25) (245.0, -103.92)
(245.0, -103.92) (250.0, -103.92)
(250.0, -103.92) (247.5, -108.25)
(247.5, -108.25) (245.0, -112.58)
(245.0, -112.58) (250.0, -112.58)
(250.0, -112.58) (247.5, -116.91)
(247.5, -116.91) (252.5, -116.91)
(252.5, -116.91) (250.0, -112.58)
(250.0, -112.58) (255.0, -112.58)
(255.0, -112.58) (252.5, -108.25)
(252.5, -108.25) (250.0, -103.92)
(250.0, -103.92) (255.0, -103.92)
(255.0, -103.92) (252.5, -108.25)
(252.5, -108.25) (257.5, -108.25)
(257.5, -108.25) (255.0, -103.92)
(255.0, -103.92) (260.0, -103.92)
(260.0, -103.92) (257.5, -99.59)
(257.5, -99.59) (255.0, -95.26)
(255.0, -95.26) (252.5, -90.93)
(252.5, -90.93) (250.0, -86.6)
(250.0, -86.6) (247.5, -82.27)
(247.5, -82.27) (245.0, -77.94)
(245.0, -77.94) (242.5, -73.61)
(242.5, -73.61) (240.0, -69.28)
(240.0, -69.28) (245.0, -69.28)
(245.0, -69.28) (242.5, -73.61)
(242.5, -73.61) (247.5, -73.61)
(247.5, -73.61) (245.0, -69.28)
(245.0, -69.28) (250.0, -69.28)
(250.0, -69.28) (247.5, -73.61)
(247.5, -73.61) (245.0, -77.94)
(245.0, -77.94) (250.0, -77.94)
(250.0, -77.94) (247.5, -82.27)
(247.5, -82.27) (252.5, -82.27)
(252.5, -82.27) (250.0, -77.94)
(250.0, -77.94) (255.0, -77.94)
(255.0, -77.94) (252.5, -73.61)
(252.5, -73.61) (250.0, -69.28)
(250.0, -69.28) (255.0, -69.28)
(255.0, -69.28) (252.5, -73.61)
(252.5, -73.61) (257.5, -73.61)
(257.5, -73.61) (255.0, -69.28)
(255.0, -69.28) (260.0, -69.28)
(260.0, -69.28) (257.5, -73.61)
(257.5, -73.61) (255.0, -77.94)
(255.0, -77.94) (252.5, -82.27)
(252.5, -82.27) (250.0, -86.6)
(250.0, -86.6) (255.0, -86.6)
(255.0, -86.6) (252.5, -90.93)
(252.5, -90.93) (257.5, -90.93)
(257.5, -90.93) (255.0, -86.6)
(255.0, -86.6) (260.0, -86.6)
(260.0, -86.6) (257.5, -90.93)
(257.5, -90.93) (255.0, -95.26)
(255.0, -95.26) (260.0, -95.26)
(260.0, -95.26) (257.5, -99.59)
(257.5, -99.59) (262.5, -99.59)
(262.5, -99.59) (260.0, -95.26)
(260.0, -95.26) (265.0, -95.26)
(265.0, -95.26) (262.5, -90.93)
(262.5, -90.93) (260.0, -86.6)
(260.0, -86.6) (265.0, -86.6)
(265.0, -86.6) (262.5, -90.93)
(262.5, -90.93) (267.5, -90.93)
(267.5, -90.93) (265.0, -86.6)
(265.0, -86.6) (270.0, -86.6)
(270.0, -86.6) (267.5, -82.27)
(267.5, -82.27) (265.0, -77.94)
(265.0, -77.94) (262.5, -73.61)
(262.5, -73.61) (260.0, -69.28)
(260.0, -69.28) (265.0, -69.28)
(265.0, -69.28) (262.5, -73.61)
(262.5, -73.61) (267.5, -73.61)
(267.5, -73.61) (265.0, -69.28)
(265.0, -69.28) (270.0, -69.28)
(270.0, -69.28) (267.5, -73.61)
(267.5, -73.61) (265.0, -77.94)
(265.0, -77.94) (270.0, -77.94)
(270.0, -77.94) (267.5, -82.27)
(267.5, -82.27) (272.5, -82.27)
(272.5, -82.27) (270.0, -77.94)
(270.0, -77.94) (275.0, -77.94)
(275.0, -77.94) (272.5, -73.61)
(272.5, -73.61) (270.0, -69.28)
(270.0, -69.28) (275.0, -69.28)
(275.0, -69.28) (272.5, -73.61)
(272.5, -73.61) (277.5, -73.61)
(277.5, -73.61) (275.0, -69.28)
(275.0, -69.28) (280.0, -69.28)
(280.0, -69.28) (277.5, -64.95)
(277.5, -64.95) (275.0, -60.62)
(275.0, -60.62) (272.5, -56.29)
(272.5, -56.29) (270.0, -51.96)
(270.0, -51.96) (267.5, -47.63)
(267.5, -47.63) (265.0, -43.3)
(265.0, -43.3) (262.5, -38.97)
(262.5, -38.97) (260.0, -34.64)
(260.0, -34.64) (257.5, -30.31)
(257.5, -30.31) (255.0, -25.98)
(255.0, -25.98) (252.5, -21.65)
(252.5, -21.65) (250.0, -17.32)
(250.0, -17.32) (247.5, -12.99)
(247.5, -12.99) (245.0, -8.66)
(245.0, -8.66) (242.5, -4.33)
(242.5, -4.33) (240.0, -0.0)
(240.0, -0.0) (245.0, -0.0)
(245.0, -0.0) (242.5, -4.33)
(242.5, -4.33) (247.5, -4.33)
(247.5, -4.33) (245.0, -0.0)
(245.0, -0.0) (250.0, -0.0)
(250.0, -0.0) (247.5, -4.33)
(247.5, -4.33) (245.0, -8.66)
(245.0, -8.66) (250.0, -8.66)
(250.0, -8.66) (247.5, -12.99)
(247.5, -12.99) (252.5, -12.99)
(252.5, -12.99) (250.0, -8.66)
(250.0, -8.66) (255.0, -8.66)
(255.0, -8.66) (252.5, -4.33)
(252.5, -4.33) (250.0, -0.0)
(250.0, -0.0) (255.0, -0.0)
(255.0, -0.0) (252.5, -4.33)
(252.5, -4.33) (257.5, -4.33)
(257.5, -4.33) (255.0, -0.0)
(255.0, -0.0) (260.0, -0.0)
(260.0, -0.0) (257.5, -4.33)
(257.5, -4.33) (255.0, -8.66)
(255.0, -8.66) (252.5, -12.99)
(252.5, -12.99) (250.0, -17.32)
(250.0, -17.32) (255.0, -17.32)
(255.0, -17.32) (252.5, -21.65)
(252.5, -21.65) (257.5, -21.65)
(257.5, -21.65) (255.0, -17.32)
(255.0, -17.32) (260.0, -17.32)
(260.0, -17.32) (257.5, -21.65)
(257.5, -21.65) (255.0, -25.98)
(255.0, -25.98) (260.0, -25.98)
(260.0, -25.98) (257.5, -30.31)
(257.5, -30.31) (262.5, -30.31)
(262.5, -30.31) (260.0, -25.98)
(260.0, -25.98) (265.0, -25.98)
(265.0, -25.98) (262.5, -21.65)
(262.5, -21.65) (260.0, -17.32)
(260.0, -17.32) (265.0, -17.32)
(265.0, -17.32) (262.5, -21.65)
(262.5, -21.65) (267.5, -21.65)
(267.5, -21.65) (265.0, -17.32)
(265.0, -17.32) (270.0, -17.32)
(270.0, -17.32) (267.5, -12.99)
(267.5, -12.99) (265.0, -8.66)
(265.0, -8.66) (262.5, -4.33)
(262.5, -4.33) (260.0, -0.0)
(260.0, -0.0) (265.0, -0.0)
(265.0, -0.0) (262.5, -4.33)
(262.5, -4.33) (267.5, -4.33)
(267.5, -4.33) (265.0, -0.0)
(265.0, -0.0) (270.0, -0.0)
(270.0, -0.0) (267.5, -4.33)
(267.5, -4.33) (265.0, -8.66)
(265.0, -8.66) (270.0, -8.66)
(270.0, -8.66) (267.5, -12.99)
(267.5, -12.99) (272.5, -12.99)
(272.5, -12.99) (270.0, -8.66)
(270.0, -8.66) (275.0, -8.66)
(275.0, -8.66) (272.5, -4.33)
(272.5, -4.33) (270.0, -0.0)
(270.0, -0.0) (275.0, -0.0)
(275.0, -0.0) (272.5, -4.33)
(272.5, -4.33) (277.5, -4.33)
(277.5, -4.33) (275.0, -0.0)
(275.0, -0.0) (280.0, -0.0)
(280.0, -0.0) (277.5, -4.33)
(277.5, -4.33) (275.0, -8.66)
(275.0, -8.66) (272.5, -12.99)
(272.5, -12.99) (270.0, -17.32)
(270.0, -17.32) (267.5, -21.65)
(267.5, -21.65) (265.0, -25.98)
(265.0, -25.98) (262.5, -30.31)
(262.5, -30.31) (260.0, -34.64)
(260.0, -34.64) (265.0, -34.64)
(265.0, -34.64) (262.5, -38.97)
(262.5, -38.97) (267.5, -38.97)
(267.5, -38.97) (265.0, -34.64)
(265.0, -34.64) (270.0, -34.64)
(270.0, -34.64) (267.5, -38.97)
(267.5, -38.97) (265.0, -43.3)
(265.0, -43.3) (270.0, -43.3)
(270.0, -43.3) (267.5, -47.63)
(267.5, -47.63) (272.5, -47.63)
(272.5, -47.63) (270.0, -43.3)
(270.0, -43.3) (275.0, -43.3)
(275.0, -43.3) (272.5, -38.97)
(272.5, -38.97) (270.0, -34.64)
(270.0, -34.64) (275.0, -34.64)
(275.0, -34.64) (272.5, -38.97)
(272.5, -38.97) (277.5, -38.97)
(277.5, -38.97) (275.0, -34.64)
(275.0, -34.64) (280.0, -34.64)
(280.0, -34.64) (277.5, -38.97)
(277.5, -38.97) (275.0, -43.3)
(275.0, -43.3) (272.5, -47.63)
(272.5, -47.63) (270.0, -51.96)
(270.0, -51.96) (275.0, -51.96)
(275.0, -51.96) (272.5, -56.29)
(272.5, -56.29) (277.5, -56.29)
(277.5, -56.29) (275.0, -51.96)
(275.0, -51.96) (280.0, -51.96)
(280.0, -51.96) (277.5, -56.29)
(277.5, -56.29) (275.0, -60.62)
(275.0, -60.62) (280.0, -60.62)
(280.0, -60.62) (277.5, -64.95)
(277.5, -64.95) (282.5, -64.95)
(282.5, -64.95) (280.0, -60.62)
(280.0, -60.62) (285.0, -60.62)
(285.0, -60.62) (282.5, -56.29)
(282.5, -56.29) (280.0, -51.96)
(280.0, -51.96) (285.0, -51.96)
(285.0, -51.96) (282.5, -56.29)
(282.5, -56.29) (287.5, -56.29)
(287.5, -56.29) (285.0, -51.96)
(285.0, -51.96) (290.0, -51.96)
(290.0, -51.96) (287.5, -47.63)
(287.5, -47.63) (285.0, -43.3)
(285.0, -43.3) (282.5, -38.97)
(282.5, -38.97) (280.0, -34.64)
(280.0, -34.64) (285.0, -34.64)
(285.0, -34.64) (282.5, -38.97)
(282.5, -38.97) (287.5, -38.97)
(287.5, -38.97) (285.0, -34.64)
(285.0, -34.64) (290.0, -34.64)
(290.0, -34.64) (287.5, -38.97)
(287.5, -38.97) (285.0, -43.3)
(285.0, -43.3) (290.0, -43.3)
(290.0, -43.3) (287.5, -47.63)
(287.5, -47.63) (292.5, -47.63)
(292.5, -47.63) (290.0, -43.3)
(290.0, -43.3) (295.0, -43.3)
(295.0, -43.3) (292.5, -38.97)
(292.5, -38.97) (290.0, -34.64)
(290.0, -34.64) (295.0, -34.64)
(295.0, -34.64) (292.5, -38.97)
(292.5, -38.97) (297.5, -38.97)
(297.5, -38.97) (295.0, -34.64)
(295.0, -34.64) (300.0, -34.64)
(300.0, -34.64) (297.5, -30.31)
(297.5, -30.31) (295.0, -25.98)
(295.0, -25.98) (292.5, -21.65)
(292.5, -21.65) (290.0, -17.32)
(290.0, -17.32) (287.5, -12.99)
(287.5, -12.99) (285.0, -8.66)
(285.0, -8.66) (282.5, -4.33)
(282.5, -4.33) (280.0, -0.0)
(280.0, -0.0) (285.0, -0.0)
(285.0, -0.0) (282.5, -4.33)
(282.5, -4.33) (287.5, -4.33)
(287.5, -4.33) (285.0, -0.0)
(285.0, -0.0) (290.0, -0.0)
(290.0, -0.0) (287.5, -4.33)
(287.5, -4.33) (285.0, -8.66)
(285.0, -8.66) (290.0, -8.66)
(290.0, -8.66) (287.5, -12.99)
(287.5, -12.99) (292.5, -12.99)
(292.5, -12.99) (290.0, -8.66)
(290.0, -8.66) (295.0, -8.66)
(295.0, -8.66) (292.5, -4.33)
(292.5, -4.33) (290.0, -0.0)
(290.0, -0.0) (295.0, -0.0)
(295.0, -0.0) (292.5, -4.33)
(292.5, -4.33) (297.5, -4.33)
(297.5, -4.33) (295.0, -0.0)
(295.0, -0.0) (300.0, -0.0)
(300.0, -0.0) (297.5, -4.33)
(297.5, -4.33) (295.0, -8.66)
(295.0, -8.66) (292.5, -12.99)
(292.5, -12.99) (290.0, -17.32)
(290.0, -17.32) (295.0, -17.32)
(295.0, -17.32) (292.5, -21.65)
(292.5, -21.65) (297.5, -21.65)
(297.5, -21.65) (295.0, -17.32)
(295.0, -17.32) (300.0, -17.32)
(300.0, -17.32) (297.5, -21.65)
(297.5, -21.65) (295.0, -25.98)
(295.0, -25.98) (300.0, -25.98)
(300.0, -25.98) (297.5, -30.31)
(297.5, -30.31) (302.5, -30.31)
(302.5, -30.31) (300.0, -25.98)
(300.0, -25.98) (305.0, -25.98)
(305.0, -25.98) (302.5, -21.65)
(302.5, -21.65) (300.0, -17.32)
(300.0, -17.32) (305.0, -17.32)
(305.0, -17.32) (302.5, -21.65)
(302.5, -21.65) (307.5, -21.65)
(307.5, -21.65) (305.0, -17.32)
(305.0, -17.32) (310.0, -17.32)
(310.0, -17.32) (307.5, -12.99)
(307.5, -12.99) (305.0, -8.66)
(305.0, -8.66) (302.5, -4.33)
(302.5, -4.33) (300.0, -0.0)
(300.0, -0.0) (305.0, -0.0)
(305.0, -0.0) (302.5, -4.33)
(302.5, -4.33) (307.5, -4.33)
(307.5, -4.33) (305.0, -0.0)
(305.0, -0.0) (310.0, -0.0)
(310.0, -0.0) (307.5, -4.33)
(307.5, -4.33) (305.0, -8.66)
(305.0, -8.66) (310.0, -8.66)
(310.0, -8.66) (307.5, -12.99)
(307.5, -12.99) (312.5, -12.99)
(312.5, -12.99) (310.0, -8.66)
(310.0, -8.66) (315.0, -8.66)
(315.0, -8.66) (312.5, -4.33)
(312.5, -4.33) (310.0, -0.0)
(310.0, -0.0) (315.0, -0.0)
(315.0, -0.0) (312.5, -4.33)
(312.5, -4.33) (317.5, -4.33)
(317.5, -4.33) (315.0, -0.0)
(315.0, -0.0) (320.0, -0.0)
(320.0, -0.0) (317.5, -4.33)
(317.5, -4.33) (315.0, -8.66)
(315.0, -8.66) (312.5, -12.99)
(312.5, -12.99) (310.0, -17.32)
(310.0, -17.32) (307.5, -21.65)
(307.5, -21.65) (305.0, -25.98)
(305.0, -25.98) (302.5, -30.31)
(302.5, -30.31) (300.0, -34.64)
(300.0, -34.64) (297.5, -38.97)
(297.5, -38.97) (295.0, -43.3)
(295.0, -43.3) (292.5, -47.63)
(292.5, -47.63) (290.0, -51.96)
(290.0, -51.96) (287.5, -56.29)
(287.5, -56.29) (285.0, -60.62)
(285.0, -60.62) (282.5, -64.95)
(282.5, -64.95) (280.0, -69.28)
(280.0, -69.28) (277.5, -73.61)
(277.5, -73.61) (275.0, -77.94)
(275.0, -77.94) (272.5, -82.27)
(272.5, -82.27) (270.0, -86.6)
(270.0, -86.6) (267.5, -90.93)
(267.5, -90.93) (265.0, -95.26)
(265.0, -95.26) (262.5, -99.59)
(262.5, -99.59) (260.0, -103.92)
(260.0, -103.92) (257.5, -108.25)
(257.5, -108.25) (255.0, -112.58)
(255.0, -112.58) (252.5, -116.91)
(252.5, -116.91) (250.0, -121.24)
(250.0, -121.24) (247.5, -125.57)
(247.5, -125.57) (245.0, -129.9)
(245.0, -129.9) (242.5, -134.23)
(242.5, -134.23) (240.0, -138.56)
(240.0, -138.56) (237.5, -142.89)
(237.5, -142.89) (235.0, -147.22)
(235.0, -147.22) (232.5, -151.55)
(232.5, -151.55) (230.0, -155.88)
(230.0, -155.88) (227.5, -160.21)
(227.5, -160.21) (225.0, -164.54)
(225.0, -164.54) (222.5, -168.87)
(222.5, -168.87) (220.0, -173.21)
(220.0, -173.21) (217.5, -177.54)
(217.5, -177.54) (215.0, -181.87)
(215.0, -181.87) (212.5, -186.2)
(212.5, -186.2) (210.0, -190.53)
(210.0, -190.53) (207.5, -194.86)
(207.5, -194.86) (205.0, -199.19)
(205.0, -199.19) (202.5, -203.52)
(202.5, -203.52) (200.0, -207.85)
(200.0, -207.85) (197.5, -212.18)
(197.5, -212.18) (195.0, -216.51)
(195.0, -216.51) (192.5, -220.84)
(192.5, -220.84) (190.0, -225.17)
(190.0, -225.17) (187.5, -229.5)
(187.5, -229.5) (185.0, -233.83)
(185.0, -233.83) (182.5, -238.16)
(182.5, -238.16) (180.0, -242.49)
(180.0, -242.49) (177.5, -246.82)
(177.5, -246.82) (175.0, -251.15)
(175.0, -251.15) (172.5, -255.48)
(172.5, -255.48) (170.0, -259.81)
(170.0, -259.81) (167.5, -264.14)
(167.5, -264.14) (165.0, -268.47)
(165.0, -268.47) (162.5, -272.8)
(162.5, -272.8) (160.0, -277.13)
(160.0, -277.13) (157.5, -272.8)
(157.5, -272.8) (155.0, -268.47)
(155.0, -268.47) (152.5, -264.14)
(152.5, -264.14) (150.0, -259.81)
(150.0, -259.81) (147.5, -255.48)
(147.5, -255.48) (145.0, -251.15)
(145.0, -251.15) (142.5, -246.82)
(142.5, -246.82) (140.0, -242.49)
(140.0, -242.49) (137.5, -238.16)
(137.5, -238.16) (135.0, -233.83)
(135.0, -233.83) (132.5, -229.5)
(132.5, -229.5) (130.0, -225.17)
(130.0, -225.17) (127.5, -220.84)
(127.5, -220.84) (125.0, -216.51)
(125.0, -216.51) (122.5, -212.18)
(122.5, -212.18) (120.0, -207.85)
(120.0, -207.85) (117.5, -203.52)
(117.5, -203.52) (115.0, -199.19)
(115.0, -199.19) (112.5, -194.86)
(112.5, -194.86) (110.0, -190.53)
(110.0, -190.53) (107.5, -186.2)
(107.5, -186.2) (105.0, -181.87)
(105.0, -181.87) (102.5, -177.54)
(102.5, -177.54) (100.0, -173.21)
(100.0, -173.21) (97.5, -168.87)
(97.5, -168.87) (95.0, -164.54)
(95.0, -164.54) (92.5, -160.21)
(92.5, -160.21) (90.0, -155.88)
(90.0, -155.88) (87.5, -151.55)
(87.5, -151.55) (85.0, -147.22)
(85.0, -147.22) (82.5, -142.89)
(82.5, -142.89) (80.0, -138.56)
(80.0, -138.56) (77.5, -134.23)
(77.5, -134.23) (75.0, -129.9)
(75.0, -129.9) (72.5, -125.57)
(72.5, -125.57) (70.0, -121.24)
(70.0, -121.24) (67.5, -116.91)
(67.5, -116.91) (65.0, -112.58)
(65.0, -112.58) (62.5, -108.25)
(62.5, -108.25) (60.0, -103.92)
(60.0, -103.92) (57.5, -99.59)
(57.5, -99.59) (55.0, -95.26)
(55.0, -95.26) (52.5, -90.93)
(52.5, -90.93) (50.0, -86.6)
(50.0, -86.6) (47.5, -82.27)
(47.5, -82.27) (45.0, -77.94)
(45.0, -77.94) (42.5, -73.61)
(42.5, -73.61) (40.0, -69.28)
(40.0, -69.28) (37.5, -64.95)
(37.5, -64.95) (35.0, -60.62)
(35.0, -60.62) (32.5, -56.29)
(32.5, -56.29) (30.0, -51.96)
(30.0, -51.96) (27.5, -47.63)
(27.5, -47.63) (25.0, -43.3)
(25.0, -43.3) (22.5, -38.97)
(22.5, -38.97) (20.0, -34.64)
(20.0, -34.64) (17.5, -30.31)
(17.5, -30.31) (15.0, -25.98)
(15.0, -25.98) (12.5, -21.65)
(12.5, -21.65) (10.0, -17.32)
(10.0, -17.32) (7.5, -12.99)
(7.5, -12.99) (5.0, -8.66)
(5.0, -8.66) (2.5, -4.33)
(2.5, -4.33) (0.0, -0.0)
